001 1291 7 1490 3 
01 1215 13 321 4 349 3 
02 912 20 
021421 133 13 
029139 133 13 
04 784 11 
05 352 5 
0541 129 13 
062956 146 12 
065 180 2 
069673 129 13 
0699 784 11 
0768 134 14 
08 134 14 
080763 132 14 
087 133 13 
087937 784 11 
088 179 14 
09 348 7 
097649 134 14 
1 600 90 1055 80 297 72 994 63 598 44 1327 42 660 16 1051 15 837 13 1455 12 875 12 937 11 855 11 266 9 312 8 483 8 941 7 897 5 898 5 524 4 943 4 
10 105 64 44 39 574 16 266 9 896 7 931 7 
100 802 47 
1009 1342 11 
1090 1018 25 
11 44 39 1342 33 771 26 783 19 574 16 592 12 1426 8 221 8 220 8 896 7 
112185 146 12 
11359 132 14 
1153 1018 25 
1180 0 10 
1186 231 16 
12 1018 150 44 39 753 12 
120 178 3 
1214 1326 48 
1230 295 10 
1237 295 10 
1245 0 10 
124897 129 13 
13 1020 50 44 39 0 30 216 27 295 10 1326 8 
130 183 44 
1340 982 26 
1350 982 26 984 7 
1356 984 28 
1361 812 10 
14 1020 50 44 39 982 13 812 10 984 7 
1403 812 10 
1410 1061 8 
1415 1061 24 
1440 16 9 
1443 253 8 
1447 813 8 
1454 1274 3 
1457 133 13 
1462 1274 6 
1466 1274 3 
1481 16 9 
1483 1017 7 
148478 132 14 
1485 544 18 
1487 788 6 
15 17 45 44 39 16 36 813 16 812 10 1017 7 
1500 17 9 253 8 
1502 17 9 
1511 711 7 
1512 813 8 
1530 1017 14 
1542 1236 26 
1549 1292 50 
1552 1292 50 
1553 232 11 
1559 1292 50 
1561 231 16 
1564 788 6 
1583 1130 12 
1590 1311 7 
1592 711 7 
16 44 39 1236 26 1292 25 232 22 711 14 129 13 813 8 931 7 1017 7 347 2 
1603 1242 6 
1612 368 51 
1618 232 11 
1620 363 22 
1621 1236 26 
1623 699 28 
1627 363 44 146 12 
1632 327 58 
1644 755 12 
1647 360 51 
1651 1310 4 
1654 1311 7 
1657 1311 7 
1662 1292 50 699 28 
1665 805 2 
1667 1311 7 
1668 599 21 
1670 373 15 
1672 373 45 
1677 327 58 
1680 1031 17 
1694 971 36 
17 327 348 699 196 1236 78 599 42 1292 25 232 22 627 18 1323 16 1311 7 755 6 
1700 753 12 
1703 636 21 
1704 685 16 
1706 648 76 68 54 686 16 
1707 68 72 1471 40 1243 12 
1716 1031 17 
1717 1031 17 
1718 1031 34 
1738 599 21 
1747 127 34 
1750 804 35 
1753 1104 56 
1755 252 9 
1758 916 14 1272 9 781 7 1003 7 
1760 804 35 753 24 
1761 713 10 
1762 636 21 
1764 753 12 
1766 915 14 
1770 804 35 1518 35 
1778 1471 40 
1780 804 35 
1785 138 16 
1789 1292 50 195 9 
1790 648 76 
1793 955 4 349 3 
1798 1054 33 195 18 
18 648 608 1471 160 599 42 1518 35 127 34 1031 34 1292 25 627 18 713 10 
1801 1354 34 352 5 
1804 600 45 647 24 40 11 
1808 350 5 
1810 1462 8 1237 5 
1811 351 4 
1814 169 9 
1815 879 54 
1822 314 14 713 10 1328 9 
1823 1111 20 
1824 614 9 348 7 
1825 1019 18 369 9 
1826 127 34 347 2 
1827 46 4 
1830 288 32 642 12 
1831 954 2 
1832 1115 24 
1836 252 9 137 8 
1837 600 45 636 21 173 20 
1838 1307 4 
1841 600 90 808 7 
1844 90 9 
1846 764 12 582 6 
1847 600 90 1104 28 651 20 
1849 195 9 
1850 1223 9 
1852 600 90 
1853 210 8 
1854 114 12 
1856 576 19 1078 14 
1857 600 90 
1859 600 90 970 20 204 18 
1860 282 49 970 10 
1861 1297 48 74 11 
1862 1268 16 
1863 1215 52 
1865 600 90 282 49 
1866 969 33 
1867 66 28 
1868 600 90 
1870 282 49 
1871 1463 39 318 12 
1872 757 130 990 18 
1873 1101 1 
1874 600 90 576 19 162 6 
1875 938 11 1142 5 
1876 1216 2 
187642 134 14 
1877 1354 34 
1878 1111 20 1223 18 47 7 
1879 176 11 
1880 600 45 1115 24 617 22 
1881 600 45 1001 40 
1882 1344 32 
1884 1113 4 
1886 999 24 
1887 598 44 
1888 1263 24 372 17 1298 7 606 4 
1889 1420 47 809 20 1263 12 823 4 
1890 1097 52 1463 39 
1891 609 7 
1892 1292 50 
1893 1029 24 629 14 
1894 871 20 909 18 169 9 
1895 675 51 765 31 1248 20 808 7 
1896 1332 40 887 22 
1897 296 18 
1898 1012 26 285 12 
1899 213 26 
19 757 520 969 165 600 135 1344 64 1097 52 1420 47 651 40 1354 34 713 30 1292 25 1111 20 127 17 808 14 129 13 90 9 614 9 15 8 639 7 642 6 
1900 1463 39 593 22 
1901 1195 44 870 16 1165 10 
1903 593 55 662 50 26 31 1273 4 
1904 1229 29 
1905 1205 29 
1908 333 14 
1909 1176 43 86 19 979 18 
1910 282 98 1463 39 46 4 1197 2 
1912 651 20 
1913 1007 37 1203 4 
1914 598 44 
1915 282 49 1141 30 1177 14 773 3 
1916 1023 90 529 72 777 17 40 11 784 11 
1917 1194 126 77 36 
1918 1292 50 282 49 598 44 66 42 85 24 1195 22 
1919 1358 22 573 18 1269 16 
1920 1463 39 
1921 90 9 
1922 1269 16 1231 11 
1923 96 21 
1924 657 38 
1925 1002 24 1021 22 654 7 
1926 1193 72 190 22 573 18 536 15 
1927 1128 28 1449 4 
1928 1292 50 44 39 1343 34 
1929 692 31 1029 24 956 18 135 8 47 7 
1930 1463 39 1278 10 1323 8 
1931 759 28 586 3 
1932 1312 29 834 16 135 8 
1933 573 18 
1934 887 22 1304 18 579 18 1038 16 
1935 1323 8 
1936 598 44 920 32 204 18 704 11 224 7 
1937 802 47 202 24 
1938 1085 33 
1939 867 123 
1940 1463 39 1232 25 1058 23 797 16 798 12 1016 3 
1941 1463 78 1065 31 296 18 
1942 1073 20 687 20 836 15 1275 12 143 11 
1943 969 33 723 18 836 15 1207 12 
1944 835 45 763 44 153 21 1306 6 
1945 1315 92 1001 40 506 24 
1946 297 72 507 30 1016 3 
1947 254 29 213 26 131 20 32 10 1479 8 768 6 587 6 
1948 1081 40 44 39 765 31 771 26 1194 18 902 8 539 8 1479 8 
1949 87 17 1479 8 824 7 1120 7 939 6 
1950 1345 38 487 19 1255 10 595 10 1479 8 303 7 
1951 1356 32 1222 9 754 9 1479 8 
1952 1249 42 1479 8 
1953 6 17 1325 10 1479 8 
1954 577 29 632 20 871 10 
1955 513 61 1345 38 960 33 783 19 145 10 1300 8 
1956 1344 32 646 16 1051 15 89 12 
1958 802 47 748 14 1100 14 676 10 1099 8 1348 3 
1959 920 64 1012 26 1168 20 1248 20 
1960 1132 80 1097 52 1176 43 374 30 367 26 1232 25 311 22 363 22 1322 22 1153 18 183 11 854 8 1060 5 1139 4 
1961 491 95 966 42 1232 25 19 12 
1962 1292 50 802 47 1232 25 311 22 97 13 1424 12 
1963 979 36 1069 22 
1964 1176 43 893 31 69 8 667 6 48 4 
1965 1334 19 
1966 802 47 363 44 371 24 1132 20 1157 18 183 11 
1967 1076 24 1035 22 875 12 688 6 
1968 802 47 5 36 1317 18 940 14 853 11 
1969 888 23 1060 5 589 3 588 2 964 1 
1970 757 130 804 70 802 47 576 38 1284 26 888 23 311 22 1341 20 956 18 360 17 1288 12 1291 7 181 2 
1971 362 28 311 22 100 10 158 9 1103 3 
1972 1341 140 64 70 1288 12 1352 8 
1973 360 34 42 9 
1974 44 39 1284 26 637 24 576 19 1288 12 1291 7 
1975 1413 45 804 35 1205 29 510 20 309 4 
1976 598 44 1262 4 
1977 44 78 662 50 1420 47 26 31 220 8 
1978 345 9 
1979 1292 50 86 19 181 2 
1980 621 96 512 84 297 72 1131 40 956 18 1077 15 155 14 1233 12 912 10 221 8 860 6 54 6 758 4 684 4 985 3 
1981 44 78 313 46 1077 45 501 36 366 26 1002 24 79 17 52 5 758 4 590 3 
1982 844 54 512 42 54 6 
1983 675 51 674 33 1275 12 701 12 860 6 
1984 44 78 372 34 1069 22 1357 16 54 6 
1985 664 205 1497 28 38 16 562 8 150 1 
1986 999 36 1302 34 85 24 621 24 510 20 777 17 1204 3 
1987 1339 16 1145 14 147 2 
1988 44 78 1069 44 970 20 
1989 664 205 1131 40 1134 29 1133 24 1135 23 491 19 912 10 1014 8 
1990 1020 200 342 195 806 192 1134 87 216 81 1133 72 1135 69 1229 29 1058 23 1183 20 491 19 1233 12 524 8 1028 7 908 7 
1991 64 14 1145 14 365 10 1235 6 
1992 664 410 44 78 297 72 806 64 216 54 1133 24 888 23 1322 22 370 13 562 8 1140 5 394 2 
1993 680 40 342 39 1183 20 1304 18 709 3 
1994 1007 37 715 25 1069 22 575 8 508 5 
1995 1020 50 1135 23 234 14 701 12 708 6 1199 3 
1996 44 78 297 72 1141 30 827 28 888 23 956 18 1340 14 707 10 843 10 665 4 154 3 
1997 342 39 28 34 1134 29 1064 14 1357 8 1130 6 
1998 1176 43 1183 20 
1999 44 78 961 52 888 46 1076 16 876 12 1207 12 330 10 908 7 10 4 120 4 
2 866 6 791 3 826 2 1333 2 620 2 1057 2 
20 757 520 297 288 1097 260 313 138 969 132 1344 128 513 122 1141 120 577 116 77 108 675 102 662 100 1420 94 26 93 887 88 1312 87 1205 87 1176 86 1249 84 1001 80 1012 78 657 76 85 72 1029 72 960 66 806 64 1356 64 920 64 1229 58 254 58 1020 50 1002 48 1413 45 1081 40 651 40 1007 37 204 36 1304 36 296 36 777 34 1343 34 1065 31 692 31 507 30 771 26 1292 25 202 24 1058 23 1021 22 143 22 131 20 1341 20 1132 20 491 19 86 19 956 18 579 18 723 18 87 17 6 17 536 15 1100 14 1275 12 1233 12 1207 12 855 11 1231 11 1168 10 90 9 47 7 192 7 768 6 
2000 1518 70 1104 28 961 26 888 23 592 12 1233 12 286 4 
2001 592 60 771 26 783 19 641 16 221 8 220 8 310 6 768 6 
2002 961 26 
2003 44 78 961 52 888 23 532 6 
2006 44 39 853 11 
2007 855 33 759 28 
2008 1343 34 
2009 234 14 674 11 
2010 342 195 657 38 1233 12 495 7 
2011 664 205 342 78 77 36 1058 23 853 11 1357 8 
2012 96 21 501 18 536 15 