coffe 1260 16 
cognit 1432 3 
coin 648 76 303 7 1237 5 
cold 1132 20 491 19 217 14 64 14 1479 8 1154 7 179 7 735 5 1139 4 1167 3 178 3 181 2 180 2 177 1 
colinus 1003 7 
collabor 956 18 
collar 297 72 
collect 1104 28 827 14 562 8 1154 7 631 2 
collector 1001 80 
colleg 757 260 675 153 297 144 598 88 1249 84 648 76 1232 75 513 61 1128 56 204 54 632 40 1081 40 651 40 753 36 1065 31 692 31 809 30 1229 29 577 29 254 29 759 28 1021 22 131 20 487 19 1304 18 723 18 79 17 797 16 143 11 676 10 
collegi 1169 3 
colloid 935 8 
colombia 664 205 1462 8 
colombian 79 17 
colon 363 22 368 17 
coloni 648 304 363 66 753 36 360 17 372 17 373 15 314 14 359 14 362 14 366 13 489 9 369 9 1337 8 1462 8 
colonia 139 13 937 11 
color 1302 34 1011 24 678 12 
columbia 1012 26 96 21 487 19 797 16 661 11 339 11 1035 11 809 10 318 6 310 6 309 4 
com 621 24 
combat 814 6 43 1 
combin 919 4 
combinator 1098 7 697 4 1513 1 
combust 1271 3 
comedi 806 224 342 117 1132 60 216 54 662 50 1420 47 1081 40 576 38 1065 31 
comedian 1081 240 1420 188 1065 124 131 40 86 19 
comet 1002 24 
comic 867 451 342 117 1085 55 311 44 512 42 575 40 1134 29 216 27 1133 24 1135 23 1131 20 1183 20 86 19 1136 15 1145 14 676 10 117 8 1099 8 
commack 1249 42 
command 598 88 513 61 802 47 1420 47 90 9 
commandeur 777 17 
comment 757 650 1249 84 327 58 1069 22 783 19 
commerci 135 8 155 7 
commiss 348 7 1165 5 
commission 1248 20 1038 16 
commit 994 42 1275 24 1341 20 221 8 220 8 1177 7 
committe 1229 29 87 17 1196 6 
commodor 1302 34 
common 600 45 1292 25 781 21 353 15 974 7 1487 3 337 3 1214 3 1483 2 
commonwealth 372 34 362 28 1193 24 371 24 363 22 360 17 366 13 365 10 135 8 1177 7 424 2 456 1 
commune 714 8 1144 5 817 2 
communic 1249 42 577 29 345 9 614 9 1120 7 1278 5 1432 3 478 3 435 2 455 2 498 1 421 1 450 1 
communist 757 260 1176 43 1058 23 956 18 536 15 1273 4 
communiti 802 47 1081 40 976 22 363 22 851 20 136 17 360 17 658 15 374 15 31 15 314 14 367 13 366 13 937 11 295 10 345 9 369 9 1462 8 1036 5 1277 4 
commut 200 2 
comoro 664 205 
compani 529 126 1077 120 999 96 1297 80 674 77 979 72 513 61 1020 50 1076 48 1420 47 512 42 1073 40 1268 32 961 26 834 24 1235 24 1263 24 637 24 1133 24 1135 23 1322 22 1358 22 155 14 486 14 1145 14 902 12 1337 8 1339 8 135 8 629 7 286 4 1113 2 
companion 297 72 692 62 598 44 889 5 
compat 952 1 
competit 1001 40 592 24 593 22 281 5 
compil 648 76 1209 11 
complet 1104 56 636 42 855 22 491 19 573 18 1078 14 1028 7 1126 6 
complex 706 4 
compon 323 2 
compos 1001 360 1420 94 507 90 506 72 1065 62 1012 26 1207 24 
composit 350 15 348 14 352 10 351 8 972 6 347 4 349 3 
compound 306 22 645 3 720 3 
compuls 960 33 
comput 513 305 153 84 632 60 687 60 487 57 657 38 486 28 89 24 999 24 28 17 79 17 688 12 29 10 32 10 1199 9 345 9 11 8 303 7 939 6 1126 6 768 6 891 6 508 5 1493 5 1140 5 565 4 120 4 1516 4 1103 3 1514 3 1504 2 147 2 706 2 1508 2 1456 1 156 1 150 1 1074 1 
concentr 15 8 
concept 328 72 62 60 175 30 933 5 619 5 228 3 635 3 196 2 
concern 915 28 210 8 
concert 1275 12 
conclud 664 205 64 14 
concord 245 7 
concordia 1115 24 
condens 963 12 
condit 1147 10 
cone 314 14 
confer 89 12 
conflict 994 21 1341 20 879 18 1023 15 1327 14 1215 13 1054 11 1332 10 660 8 686 8 685 8 1061 8 1326 8 984 7 1177 7 755 6 1308 6 544 6 1187 4 1310 4 1274 3 
congenit 171 2 
conglomer 1073 10 1113 2 
congo 664 205 1160 3 
congregationalist 692 31 
congress 195 9 100 5 
congressmen 648 76 
conjug 601 3 
connect 716 3 
connecticut 1312 58 86 57 216 27 85 24 
conscious 44 39 
consecr 811 3 
consequentialist 757 130 
conserv 600 135 1176 43 1264 13 1272 9 234 7 
conservat 1128 14 
conservationist 969 33 
conservatoir 169 9 
consid 595 10 
consol 1302 68 54 18 
conson 170 1 
consortium 1520 1 
conspiraci 757 130 1176 43 
constabulari 1269 8 
constel 132 14 134 14 133 13 146 12 784 11 786 9 1490 9 
constitu 600 45 
constitut 648 76 68 18 314 14 1462 8 1482 2 
construct 1120 7 1278 5 
constructor 979 36 1322 33 
contain 297 72 282 49 1420 47 1176 43 311 22 491 19 1345 19 283 18 1035 11 516 11 595 10 504 9 935 8 135 8 639 7 609 7 913 7 58 7 881 6 963 6 814 6 863 6 1032 6 582 6 520 6 914 5 1493 5 932 5 321 4 847 4 144 4 955 4 154 3 656 3 1082 3 320 3 1287 3 726 2 1063 2 1106 2 623 1 772 1 
contemporari 777 17 1157 9 310 6 875 6 
contest 507 30 506 24 
continent 648 76 759 28 
continu 697 4 718 4 
contrabass 607 13 494 2 
contract 662 50 654 7 
control 64 14 1278 5 1013 3 1068 3 1210 2 
controversi 282 196 342 78 1232 25 96 21 1233 12 1168 10 1161 8 245 7 908 7 310 6 
convent 703 5 1303 1 
convers 846 6 
convert 1097 52 600 45 1354 34 254 29 699 28 1115 24 788 6 
convex 718 4 
convict 213 52 1111 40 893 31 637 12 
cook 664 205 1318 2 
cooper 1302 34 362 28 372 17 374 15 367 13 462 2 
copenhagen 1334 38 1426 8 
copley 648 76 
coppa 190 11 
copper 265 4 762 3 
coptic 223 23 
copyright 1494 6 
coral 920 32 361 3 
cornel 513 61 77 36 
cornish 692 31 1221 12 752 10 755 6 
cornwal 1222 27 1221 18 755 12 1224 1 
corp 802 47 1315 23 1021 22 835 15 1306 6 
corpor 513 122 971 18 999 12 1196 12 135 8 764 6 1117 4 
corrupt 1480 4 
cosmic 1239 4 
cosmolog 728 7 
costa 664 205 
costum 804 35 
council 1020 50 600 45 598 44 1354 34 153 21 1334 19 288 16 333 14 370 13 1264 13 
counti 1020 150 675 51 1341 40 960 33 173 30 1229 29 1115 24 647 24 1002 24 1029 24 704 22 1069 22 1056 22 1111 20 990 18 486 14 1264 13 1215 13 142 10 1223 9 1326 8 285 6 114 6 137 4 1277 2 160 2 
countri 664 205 1205 116 370 91 363 88 372 85 288 80 374 75 333 70 360 68 960 66 920 64 316 60 371 60 314 56 362 56 367 52 366 52 887 44 365 40 368 34 1141 30 369 27 1012 26 1519 24 680 20 1462 16 373 15 1078 14 66 14 1090 13 1264 13 763 11 483 8 918 7 1220 5 1478 5 459 4 455 4 526 4 1071 3 464 3 1425 2 435 2 475 2 412 2 
courag 1306 6 
court 216 27 80 3 1158 3 
coven 1354 34 
cover 1275 12 
cp 595 10 962 3 
cpc 1302 34 
craft 890 4 323 2 
creat 867 82 600 45 342 39 1183 20 667 6 688 6 117 4 709 3 1101 1 964 1 
creativ 62 12 
creator 648 76 1099 8 
creatur 991 33 1030 12 752 10 987 10 109 6 1156 5 
creed 245 7 
crematorium 651 20 
cretac 329 7 1086 3 
crew 1497 7 
cricket 888 483 920 32 722 2 
crime 213 52 1031 51 621 48 893 31 1341 20 1111 20 1177 14 1288 12 353 5 56 4 
crimea 316 20 
crimean 1310 4 
crimin 213 26 1111 20 79 17 353 5 
criminologist 867 41 
crisi 1145 14 1308 6 
critic 757 520 327 290 1312 58 577 58 675 51 1021 44 699 28 202 24 579 18 175 10 
croatia 664 205 1195 22 31 15 
croatian 370 13 
croix 598 132 
cromarti 207 2 206 1 
crooner 662 50 
crop 974 7 
crosbi 662 50 
cross 598 220 297 144 513 61 662 50 1259 39 1344 32 888 23 28 17 850 16 1014 8 918 7 1032 6 
cruciform 1291 7 
crusad 1018 25 812 10 
cryonic 1134 29 
cryptograph 648 76 1046 4 
cryptographi 680 20 1477 2 
cryptozoolog 661 11 
cuba 664 205 1268 16 1090 13 1003 7 
cuban 26 62 
cue 356 2 
cuisin 974 14 1355 10 919 4 
culinari 1318 2 
cult 1035 11 
cultur 757 260 282 147 327 116 1104 84 850 80 1463 78 661 77 513 61 675 51 1020 50 1420 47 867 41 617 33 1355 20 491 19 573 18 1259 13 1233 12 976 11 40 11 500 10 1079 9 990 9 504 9 58 7 1455 6 678 6 815 6 1140 5 1478 5 1114 5 959 5 1321 4 1260 4 684 4 1013 3 985 3 243 2 1488 2 
culver 662 50 1344 32 
cup 802 235 888 92 1007 74 
currenc 648 76 
curv 1094 3 
custodi 1111 20 
customari 978 2 
cutan 1147 10 
cutler 783 19 
cuyahoga 1232 25 
cyanogen 242 3 
cyberpunk 512 42 577 29 1145 14 
cycl 1297 16 1161 8 639 7 
cypriot 1055 40 
cyprus 664 205 1055 40 
czech 664 205 1097 52 874 12 861 6 1127 2 
czechoslovak 598 44 
czechoslovakia 664 205 1317 9 
dacia 872 8 
dalla 1134 29 1205 29 1029 24 
damag 44 39 
dame 759 28 
danann 991 11 
danc 313 138 281 20 500 10 1357 8 495 7 1158 6 1320 1 
dancer 313 46 
dancesport 281 5 
daniel 866 6 
danio 1328 9 
danish 26 62 487 57 1334 57 47 28 539 24 96 21 532 6 
danni 216 27 1133 24 1131 20 
darius 1174 10 
dark 806 32 216 27 575 24 678 6 
data 303 14 1494 6 857 5 302 4 1508 1 
databas 1125 45 1103 3 
davey 1020 50 
david 621 72 512 42 1007 37 1302 34 579 18 851 10 330 10 123 6 
davidian 1168 10 
dawla 105 16 
day 1354 204 888 46 617 22 850 16 1109 10 118 8 
dc 867 205 1085 11 
de 757 130 598 88 621 24 288 16 1061 16 374 15 367 13 145 10 676 10 169 9 210 8 1154 7 155 7 817 2 
dead 1020 50 216 27 1115 24 
deal 1007 37 
death 757 390 1097 208 213 156 1001 120 657 114 77 108 1420 94 765 93 1141 90 598 88 1205 87 1229 87 1176 86 759 84 771 78 44 78 648 76 1007 74 85 72 1343 68 1354 68 969 66 887 66 920 64 1344 64 26 62 327 58 1304 54 956 54 675 51 662 50 1519 48 1058 46 600 45 1341 40 1471 40 86 38 783 38 683 36 777 34 79 34 692 31 699 28 1236 26 982 26 1012 26 1018 25 1002 24 1115 24 1029 24 223 23 1021 22 1231 22 96 21 994 21 599 21 1111 20 1248 20 1055 20 651 20 204 18 296 18 237 18 1031 17 105 16 658 15 536 15 319 13 1207 12 570 12 1275 12 991 11 1342 11 232 11 95 11 812 10 0 10 713 10 252 9 17 9 169 9 16 9 90 9 253 8 221 8 220 8 813 8 711 7 1017 7 808 7 47 7 1177 7 1311 7 91 6 788 6 768 6 678 6 569 4 
debian 595 10 
debt 1117 4 
debut 342 78 867 41 1463 39 311 22 1183 20 1284 13 1288 12 1085 11 330 10 575 8 908 7 860 6 
decca 662 50 920 32 1002 24 
decemb 1109 10 
deck 654 7 1060 5 644 4 
declar 648 76 1115 24 1194 18 
decor 1306 30 1078 14 627 9 321 4 
dedic 352 10 350 5 351 4 349 3 
deep 1325 10 
def 501 18 
defect 171 2 
defenc 1297 16 1243 6 
defens 44 39 64 14 
definit 1471 40 
defunct 1297 48 979 36 999 36 1195 22 970 20 1322 11 1076 8 69 8 234 7 902 4 1273 4 
deist 648 76 
deiti 14 13 693 7 
dekalb 173 10 
del 893 31 
delawar 1002 24 
deleru 1518 35 507 30 
delet 595 10 
delft 327 58 
delhi 162 6 
delian 489 9 
delinqu 342 39 
dell 311 22 
della 190 11 
delta 134 14 
demill 662 50 
democrat 297 360 757 130 1007 74 1111 40 1081 40 956 36 692 31 1160 3 
demograph 464 6 440 4 475 4 410 4 1443 1 
demolay 297 72 
demolish 491 38 
demon 216 27 
dengeki 1145 14 
denial 1334 19 844 18 
denis 1133 24 
denmark 664 205 1334 38 1426 32 283 18 532 18 1023 15 1109 10 
denni 966 21 
denniz 330 10 
denomin 1168 10 251 2 
dental 248 12 
depart 1104 28 1326 8 69 8 1136 5 
department 1104 28 
depend 368 34 373 15 58 7 
depict 282 196 1463 78 1020 50 1355 10 
deposit 339 11 
depress 213 26 1005 5 1265 3 
deputi 598 44 
der 931 7 
dereham 1021 22 
dermatolog 18 5 
derri 1341 40 
des 777 34 1356 32 145 20 
descart 327 58 
descent 757 520 1413 495 297 288 513 244 26 186 771 156 920 128 1007 111 662 100 313 92 600 90 1176 86 1249 84 1081 80 44 78 657 76 1344 64 96 63 765 62 327 58 254 58 723 54 213 52 598 44 867 41 131 40 1001 40 86 38 960 33 1356 32 797 32 1038 32 692 31 1100 28 1002 24 1069 22 687 20 1304 18 79 17 777 17 6 17 646 16 105 16 837 13 1288 12 1017 7 1487 3 1146 2 
describ 916 14 915 14 74 11 1272 9 1328 9 46 8 210 8 781 7 1003 7 955 4 773 3 130 2 954 2 
design 675 153 648 152 573 36 804 35 1275 24 89 24 145 20 687 20 487 19 1078 14 784 11 158 9 1126 6 1094 6 1036 5 
desk 77 36 176 11 
dessau 573 18 
destroy 491 19 
detain 812 10 
detaine 757 390 956 36 1111 20 158 9 
detect 512 42 867 41 
detent 1111 40 158 9 
determin 671 6 
determinist 327 58 
detroit 646 16 
deuterocanon 900 5 
deuterostom 1412 4 
deutsch 507 30 1077 15 
develop 1302 34 715 25 363 22 1209 22 360 17 373 15 374 15 362 14 367 13 366 13 89 12 371 12 674 11 1235 6 53 6 230 3 
devic 1058 23 120 8 
devil 893 31 
devonian 1264 13 
devot 1236 26 
dewitt 1007 37 
dexter 880 12 
dhekelia 664 205 
di 1007 37 1133 24 579 18 
diabet 1343 34 
diageo 1263 12 
diagnosi 595 10 58 7 1005 5 1265 3 
dialect 769 4 
dialogu 1517 8 
diamondback 1081 40 592 12 
diarist 26 62 675 51 867 41 
diaspora 500 30 192 7 
diatom 517 6 
dichistiida 954 2 
dick 512 42 
dictat 824 7 
diddley 1343 34 
didymoteicho 813 8 
die 1111 40 
diego 96 42 1463 39 759 28 754 9 
dielectr 972 6 
diesel 529 18 
dietari 516 11 
differenti 96 21 
digit 1104 28 614 9 876 6 1068 3 1333 2 157 1 
dijon 1018 50 
dinant 169 9 
dine 1355 10 
dinosaur 74 22 329 14 
dioces 931 28 
diophantin 1287 3 
diplomat 648 76 
dipper 146 12 
dirac 1010 6 
direct 804 105 1518 105 1020 100 282 49 512 42 1131 40 1463 39 1134 29 216 27 621 24 1133 24 1135 23 1132 20 576 19 1345 19 1084 4 1137 3 
director 513 183 1020 150 1518 140 797 112 1420 94 1081 80 804 70 131 40 1304 36 960 33 539 24 1131 20 1196 12 1275 12 595 10 
directori 1463 39 
dirti 6 17 
disarma 757 130 
disast 982 26 
disbar 297 72 
discipl 1055 20 
disco 510 10 848 2 
discontinu 54 6 1184 4 
discov 784 11 
discoveri 784 11 
discret 601 3 
diseas 757 130 213 52 1147 50 1420 47 598 44 1176 43 77 36 1344 32 1205 29 1519 24 887 22 594 12 1037 10 2 8 578 2 
disestablish 66 42 979 36 127 34 999 24 853 22 1322 22 970 20 510 20 573 18 501 18 28 17 231 16 1076 16 234 14 701 12 1357 8 562 8 1269 8 69 8 931 7 1130 6 876 6 286 4 
dish 919 12 
disk 1302 34 
disney 117 4 
disord 44 39 960 33 1065 31 1275 12 1005 10 18 5 578 4 1265 3 1473 2 
disput 364 12 1155 10 
disra 600 135 
dissid 1097 52 
distil 1204 3 
distilleri 1263 12 1268 8 
distinct 297 72 202 24 
distinguish 598 132 
distribut 601 9 721 1 
district 6 17 1352 16 108 12 1026 10 1153 9 236 4 
disturb 18 5 346 1 
divid 1090 13 1225 10 995 8 
divis 1232 75 940 7 590 3 591 2 
divisor 246 2 
dixon 282 49 
djibouti 664 205 
djing 848 2 
doctor 683 36 1236 26 1018 25 223 23 
doctrin 1354 34 1317 9 
document 1194 90 1193 12 534 4 
dodger 765 31 
dog 14 13 889 10 1160 9 
domain 1014 8 1424 6 
dominica 664 205 
dominican 664 205 
donatello 1007 37 579 18 
dope 893 62 
dorr 783 19 
dorsey 662 50 
dos 1302 34 962 3 
doubl 1060 5 
downsid 777 17 
draconi 784 11 
dracula 651 20 
draft 646 64 
dragon 574 16 
drake 1356 32 
drama 1020 250 1463 117 804 105 282 98 1413 45 1007 37 77 36 960 33 1183 20 723 18 1288 12 176 11 
dramat 512 42 1518 35 
dramatist 77 144 1097 52 85 24 
draper 132 14 134 14 129 13 133 13 146 12 
dravidian 1123 11 
dresden 252 9 
dri 306 11 
drink 1268 24 1298 14 1263 12 1260 8 301 8 58 7 684 4 1204 3 50 1 
drive 1212 2 
drug 87 17 2 8 1170 7 
drum 495 7 
du 699 28 
dublin 651 40 
dubstep 495 7 
duchi 232 22 
dudley 513 61 
duke 232 33 253 8 
dun 1518 35 
dunbartonshir 141 1 
duo 342 39 
durchmusterung 132 14 134 14 129 13 133 13 146 12 784 11 
durham 1356 32 
durrani 127 34 
dutch 327 406 599 210 1413 135 1471 80 288 32 723 18 38 16 373 15 908 14 1337 8 686 8 685 8 1305 5 
dylan 310 12 309 8 
dynam 246 2 
dynamicist 699 28 
dynamit 1357 8 
dynasti 1518 35 1519 24 127 17 837 13 813 8 1017 7 
dystopian 512 42 1145 14 824 7 
dé 991 11 
e 282 98 1058 23 204 18 248 12 350 5 720 3 
e7 314 14 
eagl 915 112 513 61 1248 40 
earl 600 135 757 130 
earli 327 58 1236 26 1055 20 627 9 872 8 845 5 334 3 1086 3 821 3 822 2 
earth 1026 10 312 8 1218 6 518 5 
earthsea 5 12 
east 491 38 1007 37 1141 30 1104 28 1012 26 6 17 982 13 1174 10 1337 8 1300 8 99 6 163 1 
eastern 1097 52 1055 20 491 19 836 15 373 15 333 14 1215 13 365 10 712 9 1317 9 
ec 1057 2 
ecclesiast 712 9 
eclips 10 4 
eco 1134 29 
ecolog 284 3 
econom 757 130 675 51 763 44 1334 19 374 15 367 13 807 7 1494 6 724 3 1514 3 
econometr 657 38 
economi 971 18 459 16 403 9 420 9 466 9 1445 9 815 6 412 4 477 4 434 2 454 2 405 1 
economist 657 76 675 51 1334 19 
ecoregion 36 3 
ecuador 664 205 
ecumen 245 7 
ed 1345 57 
edgar 960 33 
edibl 248 12 974 7 
edict 1194 18 
edinburgh 648 76 1020 50 
edit 1292 125 1020 50 
editor 1312 87 648 76 1420 47 1021 44 
editori 536 15 
edmonton 646 16 
educ 757 130 598 88 1001 80 327 58 802 47 1021 44 96 42 204 36 1065 31 692 31 1229 29 1128 28 85 24 753 24 202 24 153 21 1334 19 573 18 777 17 809 10 1120 7 159 2 
edward 1020 150 1065 31 636 21 204 18 784 11 1497 7 984 7 1467 4 1461 4 1466 2 1469 1 
edwardian 636 21 
efl 909 18 
ego 867 41 
egypt 664 205 136 136 1054 44 237 36 223 23 1327 14 91 12 
egyptian 237 72 19 72 223 69 95 33 771 26 91 6 1046 4 322 3 
egyptolog 1104 28 
eighti 824 7 
einstein 963 12 935 8 
eisner 86 19 
el 664 205 
elect 297 216 1176 86 1001 40 1133 24 641 12 
elector 297 72 
electr 648 76 1343 34 632 20 607 13 47 7 
electro 495 7 
electrod 1523 5 
electromagnet 965 3 
electron 313 92 701 12 495 7 1126 6 1333 2 
electrotechn 1165 5 
element 516 22 1507 16 517 12 782 8 519 8 312 8 518 5 
elev 1523 5 
elfman 216 27 1133 24 1131 20 
elliot 1134 29 1135 23 
ellipt 144 4 
ema 313 46 501 18 
embed 1125 9 
emerg 598 44 529 18 1523 5 
emerson 784 11 
emigr 657 114 1413 45 1001 40 956 36 1344 32 1356 32 26 31 1115 24 89 12 
emir 664 205 105 16 
emmi 1249 42 1081 40 723 18 
emperor 1519 24 668 9 
emphysema 86 19 
empir 127 102 513 61 1020 50 802 47 1420 47 1195 44 994 42 1356 32 1065 31 1193 24 363 22 1021 22 1130 18 368 17 372 17 360 17 373 15 66 14 931 14 1332 10 295 10 90 9 266 9 872 8 1326 8 1177 7 570 6 668 6 1308 6 569 4 1187 4 
empiricist 757 130 
employe 513 61 657 38 89 12 754 9 
empti 66 28 363 22 136 17 374 15 314 14 333 14 362 14 370 13 14 13 1259 13 647 12 937 11 295 10 173 10 1026 10 851 10 266 9 1426 8 714 8 224 7 1130 6 
enantiopur 2 8 
enclav 748 7 
encod 614 9 1120 7 1504 4 1149 3 1137 3 1464 1 
encyclopedist 105 16 
end 802 94 342 78 961 52 512 42 1302 34 311 22 1183 20 97 13 1284 13 1288 12 176 11 855 11 42 9 
endang 1123 11 1272 9 1079 9 
endem 46 4 
endemol 908 14 
endur 912 10 
energi 92 6 1036 5 205 4 978 2 
engag 1341 20 
engin 513 305 632 80 512 42 867 41 487 38 529 36 183 22 687 20 979 18 1323 16 47 14 1209 11 855 11 1125 9 1120 7 798 6 92 6 1200 4 1271 3 320 3 
england 1020 150 757 130 802 94 68 90 680 80 971 72 513 61 598 44 512 42 804 35 1322 33 1356 32 1104 28 1292 25 636 21 909 18 204 18 1222 18 777 17 1297 16 1061 16 701 12 544 12 1358 11 938 11 40 11 685 8 1326 8 686 8 1357 8 984 7 755 6 816 6 889 5 353 5 717 3 
english 757 3120 1420 799 1065 496 802 470 969 462 600 450 683 324 1020 100 204 90 1021 88 648 76 297 72 574 64 513 61 1097 52 662 50 282 49 313 46 363 44 598 44 1176 43 512 42 342 39 1463 39 1007 37 804 35 360 34 368 34 1031 34 920 32 806 32 0 30 216 27 1292 25 621 24 1002 24 1115 24 1275 24 701 24 311 22 40 22 1132 20 1183 20 131 20 1131 20 576 19 1304 18 372 17 777 17 797 16 373 15 1100 14 1284 13 366 13 1288 12 769 12 371 12 880 12 853 11 143 11 1278 10 909 9 1357 8 940 7 860 6 755 6 226 5 52 5 752 5 1084 4 116 4 919 4 1204 3 717 3 709 3 792 2 
engrav 713 30 
engvar 517 6 
enhanc 1298 7 
enix 1302 34 715 25 
enlighten 327 174 648 76 
enter 664 410 64 14 
entertain 961 52 771 52 1081 40 342 39 1302 34 1134 29 715 25 621 24 1133 24 1135 23 1131 20 1183 20 1145 14 854 8 1235 6 356 2 
entomologist 1471 40 1001 40 599 21 
entrant 1322 22 979 18 
environ 664 205 1334 19 
environment 664 205 1334 57 675 51 249 7 1036 5 205 4 
environmentalist 723 18 
enzym 1057 2 
eocen 914 5 240 1 
epic 1020 150 282 49 574 16 
epidem 1147 10 
epigraph 296 18 
epirus 1327 14 
episcop 1292 25 1115 24 712 9 
episcopaci 712 18 
episcopalian 1176 43 
episod 1064 7 
epistemolog 328 24 62 24 
epistemologist 757 130 327 58 
epistl 1055 20 
epsilon 146 12 
equat 1287 3 
equatori 664 205 
equilibrium 103 5 1512 3 
equip 880 24 529 18 183 11 73 10 1493 5 1271 3 655 3 878 3 761 2 1294 2 181 2 
er 759 56 
era 213 52 282 49 600 45 969 33 765 31 223 23 937 11 872 8 1130 6 845 5 1063 2 
erasmus 77 36 
eri 647 36 
erich 74 11 
eritrea 664 205 1332 20 
erot 621 24 
erotica 26 62 
esa 1272 9 
escape 1111 40 1115 24 
escapologist 867 41 
eschatolog 866 6 
esophag 765 31 
esoter 709 3 
espionag 680 20 
essayist 757 260 26 62 
essenti 2 8 779 7 
est 979 18 
establish 363 132 360 102 529 72 373 60 1104 56 136 51 372 51 368 51 1297 48 1077 45 763 44 1195 44 966 42 867 41 680 40 491 38 753 36 999 36 971 36 844 36 501 36 127 34 976 33 674 33 288 32 1168 30 374 30 871 30 295 30 362 28 66 28 827 28 1128 28 333 28 1223 27 367 26 366 26 1269 24 637 24 371 24 1076 24 647 24 1263 24 1322 22 1035 22 1358 22 1085 22 190 22 617 22 937 22 636 21 1073 20 510 20 173 20 809 20 970 20 365 20 990 18 266 18 909 18 979 18 573 18 1019 18 489 18 1153 18 1357 16 38 16 231 16 870 16 138 16 135 16 1268 16 834 16 1339 16 314 14 1064 14 1340 14 234 14 931 14 629 14 940 14 155 14 748 14 370 13 1130 12 1424 12 875 12 764 12 114 12 318 12 285 12 1243 12 701 12 876 12 855 11 704 11 853 11 1165 10 32 10 843 10 1142 10 369 9 137 8 902 8 1426 8 524 8 1462 8 562 8 854 8 587 6 1306 6 532 6 1235 6 1455 6 606 4 1307 4 1113 4 1273 4 1348 3 586 3 589 3 590 3 588 2 394 2 
esther 900 20 
estonia 664 205 283 18 
eswatini 664 205 
et 506 24 777 17 145 10 
ethic 757 260 327 58 675 51 175 30 1334 19 319 13 1161 8 1162 2 
ethicist 757 130 327 58 
ethiopia 664 205 1332 30 
ethiopian 223 23 1332 10 
ethnic 31 165 1090 117 282 49 99 12 1127 2 128 2 407 1 
ethnomusicologist 1001 40 
ethologist 1229 29 
etymolog 1114 5 112 2 
euphem 15 8 
eurasian 982 13 
euro 802 47 529 18 
eurodisco 507 30 506 24 510 10 
europ 66 42 1471 40 288 32 333 28 370 26 982 26 1201 24 74 22 994 21 295 20 283 18 502 16 231 16 31 15 916 14 1090 13 763 11 365 10 627 9 504 9 685 8 1326 8 483 8 1426 8 781 7 224 7 874 6 459 4 1441 4 1274 3 1197 2 412 2 130 2 
european 664 205 757 130 333 42 288 32 31 30 577 29 370 26 637 24 153 21 994 21 316 20 283 18 1090 13 1233 12 365 10 483 8 629 7 224 7 814 6 1008 6 1156 5 459 4 524 4 1158 3 1488 2 391 1 
euroscept 844 18 
eurovis 507 30 506 24 
evangel 1343 34 1128 14 643 4 1290 3 
evangelist 1115 24 
event 1020 200 1315 69 835 45 1463 39 617 33 1355 30 1023 30 592 24 1341 20 879 18 1194 18 132 14 1215 13 1193 12 593 11 1332 10 1109 10 589 6 590 6 588 4 641 4 1348 3 1071 3 591 2 
evil 216 27 
evolutionari 1487 3 
exampl 1098 21 1209 11 857 10 667 6 618 3 
exchang 1077 45 637 12 1073 10 1076 8 
exchequ 600 45 
excipi 720 3 
excommun 327 58 
execut 513 122 662 50 867 41 1038 32 759 28 1342 11 123 6 385 3 
exempt 1104 28 
existentialist 512 42 
exot 963 6 
expatri 802 329 1420 94 598 88 1344 64 1471 40 506 24 487 19 1051 15 158 9 
experi 1226 3 187 3 
experiment 1134 29 966 21 
exploit 1345 19 891 3 
explos 1058 23 
exponenti 601 3 
expressionist 1463 39 573 18 
extant 916 14 329 7 913 7 1039 5 914 5 1412 4 1461 4 325 3 1470 3 334 3 1086 3 
extend 664 2050 
extinct 316 20 
extrajudici 158 9 1177 7 
extraordinari 158 9 
extrem 1233 12 1026 10 
ezekiel 907 2 
ezra 865 12 883 3 
f 802 329 757 130 909 9 352 5 347 2 