iarc 312 8 
iata 637 12 
ibm 657 114 
ibsen 176 11 
icc 888 23 
ice 646 32 938 22 1015 4 
iceland 664 205 
iceni 994 21 
icon 1020 50 226 5 
ide 1209 11 
idea 327 58 
ident 1013 3 
ideolog 818 7 
idiom 792 2 
ieee 153 21 487 19 
ignazio 1236 26 
ii 1315 230 835 120 598 88 680 80 836 75 1097 52 1020 50 1176 43 1007 37 77 36 1302 34 1021 22 1323 16 69 16 373 15 15 8 798 6 1353 6 
iii 1020 50 306 22 
il 765 31 
iliad 14 13 
illinoi 213 52 675 51 1354 34 887 22 
illumin 1156 5 
illustr 969 132 1065 62 5 24 145 10 
im 896 7 898 5 895 5 884 4 885 4 864 3 907 2 
immigr 195 9 
impact 205 4 
impeach 297 72 
imperi 598 44 1259 13 1130 6 978 2 
import 1222 9 
impress 248 12 
impressionist 1081 40 808 7 
imprison 812 10 
improvis 293 9 
inc 1073 10 754 9 1199 3 
incestu 123 6 
incid 920 64 802 47 771 26 783 19 
includ 1412 4 
inconsist 1229 29 
incorpor 1223 9 114 6 1424 6 
incorrect 595 10 
independ 648 228 675 51 1020 50 621 48 1413 45 598 44 1518 35 1194 18 365 10 38 8 1269 8 
index 1073 10 1103 3 
indi 888 46 827 28 373 15 
india 664 205 598 44 536 30 1225 30 1328 9 1337 8 1017 7 1064 7 815 6 
indian 536 75 888 46 837 39 319 26 1017 21 500 20 127 17 1225 10 1272 9 1415 7 364 6 815 6 959 5 440 2 
indiana 1232 50 137 12 
indigen 296 18 1090 13 16 9 17 9 99 6 
individu 880 12 158 9 1415 7 814 6 881 6 696 4 
indo 31 30 1090 13 1008 6 
indonesia 664 205 748 21 1337 16 995 8 46 4 
inducte 648 76 662 50 802 47 765 31 1205 29 759 28 1232 25 1069 22 1021 22 1248 20 86 19 1038 16 646 16 1051 15 
industri 675 51 573 18 1077 15 637 12 1076 8 205 4 902 4 983 2 
inedia 1349 1 
infect 1037 5 
infecti 757 130 77 36 1205 29 887 22 578 2 
infer 839 1 838 1 
inferior 266 9 
inferno 687 20 
infin 228 3 
inflammatori 1037 5 
influenc 1212 2 
influenza 757 130 
infobox 100 5 
inform 153 21 1010 12 303 7 703 5 953 5 1140 5 302 4 1346 4 
infrastructur 1104 56 855 11 
ingmar 42 9 
ingredi 248 12 
initi 1077 15 595 10 
inland 647 12 
inmat 213 26 
innamorato 1519 24 
inner 491 19 
innosens 313 46 
innov 675 102 
inquiri 1229 29 87 17 
inquisitor 1236 26 
inscript 1174 20 
insect 1147 10 671 6 594 4 1086 3 
instant 28 102 
institut 657 76 486 28 753 24 153 21 296 18 1128 14 89 12 809 10 595 10 811 3 
instrument 607 104 580 48 790 20 169 18 73 10 179 7 1027 6 494 2 1282 1 
intang 1494 6 
integ 1098 7 29 5 1301 3 246 2 
intellectu 1494 6 
intellig 96 42 1134 29 680 20 1145 14 1424 12 
interact 715 25 876 6 
interest 1222 18 1264 13 
intergovernment 1300 8 1142 5 
intermedi 1154 7 
intern 802 94 297 72 1479 56 888 46 44 39 1334 19 1194 18 1051 15 1145 14 1090 13 125 13 1193 12 1189 12 763 11 674 11 1317 9 195 9 995 8 1120 7 1177 7 1165 5 1278 5 32 5 606 4 1449 4 
internation 1137 3 
international 288 16 374 15 367 13 
internet 632 20 28 17 1077 15 1140 10 345 9 985 6 478 3 392 2 
interoper 952 1 
interpol 1094 3 
interpret 1246 4 
interrog 158 9 
interst 855 11 
interstellar 87 17 784 11 
introduc 867 41 1263 12 614 9 15 8 824 7 609 7 1298 7 654 7 1120 7 54 6 1242 6 1140 5 1278 5 1262 4 684 4 1204 3 154 3 147 2 
introduct 28 17 938 11 345 9 614 9 582 6 1455 6 508 5 1278 5 823 4 120 4 1103 3 1199 3 1216 2 150 1 
invas 1315 92 
invent 607 13 248 12 880 12 1325 10 614 9 345 9 1046 8 1415 7 639 7 1298 7 1173 6 996 6 667 6 863 6 508 5 1493 5 73 5 684 4 747 3 1271 3 1027 3 322 3 356 2 
inventor 648 76 513 61 675 51 867 41 1229 29 169 18 89 12 
inventori 1078 14 
investor 513 61 
involv 1315 161 879 108 1023 60 836 60 835 45 685 40 686 32 1326 32 1332 30 1054 22 872 16 1327 14 1308 12 660 8 1187 8 310 6 755 6 1243 6 1310 4 
inwood 1067 14 
io 715 25 28 17 
ioniz 1239 4 
iowa 920 32 1356 32 
iran 664 205 1174 20 1123 11 818 7 863 6 
iranian 105 48 90 27 1174 10 818 7 863 6 
iraq 664 205 976 22 1123 11 
iraqi 976 11 
ireland 664 205 802 141 1341 120 804 70 1352 32 1269 24 1064 7 
irish 651 180 297 144 598 88 850 64 513 61 662 50 1249 42 1007 37 960 33 991 33 1356 32 759 28 687 20 1269 16 1193 12 1352 8 580 8 606 4 1488 2 
iron 1353 6 700 4 
irredent 1195 22 
irregular 132 14 133 13 
irvin 1235 6 
isaac 1226 3 
isaiah 885 8 
isfahan 105 16 
isl 664 205 994 21 1264 13 502 4 
islam 579 36 1058 23 844 18 127 17 372 17 374 15 362 14 367 13 126 2 
islami 1058 23 
island 664 615 363 110 373 75 753 72 368 51 995 40 360 34 893 31 85 24 1315 23 372 17 748 14 366 13 532 12 364 12 1035 11 361 9 1337 8 224 7 163 2 450 1 
iso 667 6 
isol 504 9 1458 8 
isra 44 273 202 120 1194 18 
israel 44 273 664 205 202 96 297 72 1194 18 40 11 818 7 896 7 895 5 
issu 1032 6 
issuer 971 18 
istanbul 482 10 
istván 1001 40 
itali 664 205 1519 48 234 28 190 22 629 21 658 15 31 15 836 15 1325 10 1332 10 235 9 847 4 1321 4 
italia 629 14 190 11 
italian 1236 130 600 90 771 52 711 35 658 30 213 26 1069 22 797 16 1332 10 788 6 73 5 1320 1 
italo 658 30 1332 10 
ivan 216 27 
ivor 507 30 506 24 
ivori 664 205 1025 9 
j 1463 39 1183 20 
jacksonvill 887 22 1100 14 
jacob 852 3 
jam 501 18 248 12 
jamahiriya 664 205 
jamaica 664 205 
jame 1020 50 1518 35 642 6 
jamiat 1058 23 
jansenist 699 28 
januari 1341 40 1355 10 
japan 664 205 1315 92 1302 34 715 25 835 15 1294 2 
japanes 961 52 1315 23 145 20 248 12 195 9 1030 6 1493 5 
jarrow 683 72 
java 10 4 
jazz 662 100 607 13 293 9 1034 8 
jehovah 118 8 
jelli 248 12 
jeremiah 884 8 906 5 
jerom 97 13 
jersey 664 205 486 56 797 48 1115 24 487 19 
jerusalem 757 130 44 39 202 24 40 11 
jesuit 1236 156 
jesus 851 10 
jeter 707 5 708 3 
jew 327 116 44 78 657 76 1097 52 202 48 600 45 1055 40 77 36 501 18 
jewelleri 323 2 
jewish 327 406 1176 258 1081 240 1097 208 600 180 44 156 657 114 131 100 86 95 254 87 202 72 77 72 1055 60 1038 48 501 36 771 26 85 24 96 21 153 21 136 17 1161 16 1231 11 976 11 937 11 851 10 866 6 123 6 665 4 
jive 313 46 330 10 562 8 
job 903 14 
joel 1134 29 1135 23 941 7 
johannin 897 5 
john 757 130 282 49 636 21 576 19 204 18 971 18 195 9 665 4 1467 4 1466 2 1469 1 
joint 155 7 
jon 1131 20 
jonah 944 12 
jone 1128 14 
jordan 664 205 
jose 759 84 
joseph 836 15 642 6 
joshua 864 3 
joss 806 32 
journal 1463 39 
journalist 648 152 1249 84 577 29 1345 19 1334 19 
jr 282 49 1132 20 
judaism 327 116 1097 52 600 45 254 29 1055 20 1194 18 1161 16 
judeo 317 3 
judg 342 39 895 15 80 3 
judoka 867 41 
juli 1215 13 617 11 
jump 932 5 
june 1315 23 879 18 1023 15 641 4 
junior 1069 22 1051 15 
junípero 893 31 
jurass 74 33 
justic 693 7 
justif 1246 4 
jutland 1023 15 
juvenil 342 39 
k 512 42 129 13 133 13 707 5 708 3 
kabul 1058 23 
kadima 44 39 
kalimantan 995 8 
kalinga 757 130 
kaliningrad 283 18 
kamchatka 99 6 
kane 867 41 1463 39 
kanlıca 1207 12 
kansa 1115 24 834 24 
kantian 196 2 
karateka 867 41 
kassel 685 8 
katholisch 252 9 
kawamoto 715 25 
kazakhstan 664 205 
kb 802 47 
kennedi 757 130 85 24 
kennington 598 44 
kensington 969 33 
kentwood 313 46 
kenya 664 205 
kenyon 676 10 
kerk 327 58 
kermanshah 1174 20 
kernel 153 21 
kerrang 853 11 
ketuvim 903 7 899 6 866 6 900 5 906 5 856 4 905 4 865 3 883 3 
key 1125 9 1074 1 
keyboardist 507 30 
keyn 680 20 
khanat 1310 4 
khmelnytski 1310 4 
khmer 1458 8 
khyber 127 17 
kidney 44 39 
kildar 1020 50 
kill 1058 23 1341 20 1031 17 1177 7 56 4 
killa 1221 6 
kinesoft 715 25 
king 1519 120 598 44 1065 31 216 27 204 18 898 10 252 9 642 6 856 4 
kingdom 757 390 600 270 664 205 844 198 1104 168 1297 96 598 88 1341 80 1194 72 971 72 1315 69 1023 60 1077 60 970 50 1076 40 680 40 68 36 127 34 1354 34 69 32 1154 28 1292 25 1269 24 637 24 506 24 1054 22 1195 22 1064 21 636 21 500 20 879 18 875 18 1243 18 1352 16 641 16 1327 14 1193 12 1071 12 1085 11 1109 10 902 8 896 7 940 7 1177 7 1298 7 1167 6 688 6 876 6 1165 5 1220 5 769 4 606 4 1214 3 440 2 1101 1 
kingsport 1141 30 
kinross 969 33 
kippur 44 39 
kiribati 664 205 
kitt 664 205 
klan 282 49 
kleiner 632 20 
klux 282 49 
knesset 44 351 
knight 598 88 513 61 802 47 1420 47 600 45 1471 40 1232 25 1018 25 252 9 90 9 253 8 
knighthood 1420 94 802 47 
knive 761 2 
knowledg 698 1 
known 134 14 1057 2 
knoxvill 1141 30 
kodansha 961 26 
koessler 1001 40 
kokhba 665 4 
kong 664 205 512 168 1518 70 1028 28 
kootenay 6 17 
korea 664 410 
kosovo 31 15 
koss 1205 29 
krai 99 6 
kreuger 330 10 
kristian 330 10 
ku 282 49 
kubrick 804 105 
kumamoto 163 1 
kuti 192 7 
kuwait 664 205 
kyrgyzstan 664 205 1019 18 
königsberg 232 11 
l 879 18 
la 288 16 374 15 367 13 676 10 145 10 
lab 687 20 487 19 486 14 
label 624 16 
labor 692 62 15 8 
laboratori 1300 8 688 6 1271 3 
labourd 1144 5 
lactam 1057 2 929 1 
ladd 1020 50 512 42 
ladi 1242 6 
lagerstätten 339 11 
lake 1001 40 1354 34 647 12 789 3 
lakesid 513 61 
lambeth 1420 94 
lament 906 10 
lancashir 116 4 
land 916 14 364 6 861 6 
landform 125 13 1337 8 1155 5 482 5 1472 3 
landlock 374 15 371 12 365 10 369 9 
landmark 491 19 1028 7 
landscap 1078 14 
languag 749 144 1518 140 1116 132 757 130 1123 121 296 90 1025 81 648 76 1458 64 504 63 327 58 1079 54 675 51 1020 50 282 49 512 42 1471 40 687 40 342 39 1463 39 804 35 806 32 216 27 1014 24 667 24 621 24 1133 24 688 24 1135 23 311 22 1209 22 1120 21 1183 20 1131 20 131 20 1132 20 576 19 487 19 731 16 288 16 105 16 797 16 536 15 1278 15 314 14 1284 13 769 12 1288 12 16 9 709 9 483 8 38 8 700 8 539 8 940 7 860 6 815 6 52 5 1495 4 194 4 53 3 1504 2 67 2 964 2 794 1 
lanka 664 205 
lao 664 205 
lara 888 23 
larg 29 5 
larri 97 13 
lasn 879 18 
last 879 18 836 15 1215 13 1061 8 1487 3 
late 1249 42 74 11 329 7 251 2 
latin 327 58 1471 40 683 36 1018 25 1517 16 658 15 1342 11 614 9 1146 2 
latino 79 17 
latreill 325 3 
latter 1354 204 
latvia 664 205 231 8 
latvian 86 19 
launch 1497 7 217 7 1154 7 155 7 
laureat 757 390 1097 260 657 38 1229 29 632 20 487 19 
laurentii 621 24 
laureus 802 47 870 8 
law 757 130 68 72 297 72 353 25 783 19 1193 12 1196 12 1494 12 195 9 1214 6 100 5 299 4 1483 2 1212 2 1482 2 
lawn 816 6 847 4 
lawrenc 797 16 1300 8 
lawyer 297 144 783 19 
lds 1354 136 
lead 1413 90 920 32 6 17 1300 8 
leader 600 135 692 62 1020 50 44 39 1354 34 1111 20 595 10 90 9 
leadership 712 9 1036 5 
leagu 765 341 893 248 802 141 1249 126 662 100 759 84 1038 64 646 48 871 20 1248 20 909 18 870 16 1339 16 854 16 592 12 295 10 489 9 1340 7 587 6 590 6 589 6 586 6 843 5 588 4 553 4 591 4 
learn 32 5 
least 915 28 374 15 367 13 371 12 210 8 
leather 890 8 
leav 66 28 363 22 136 17 374 15 314 14 333 14 362 14 370 13 14 13 1259 13 647 12 937 11 295 10 173 10 851 10 1026 10 266 9 714 8 1426 8 224 7 1130 6 337 3 
lebanon 664 205 
lech 1161 8 
lecha 1161 8 
lee 282 49 1518 35 
leed 971 18 970 10 
leeward 363 44 373 30 
left 757 130 893 31 765 31 
legal 1193 12 353 10 1483 4 80 3 1214 3 
legend 574 32 1218 12 991 11 1222 9 
legendari 991 22 1030 18 752 10 987 10 109 6 1156 5 
legion 598 44 1176 43 
legionari 266 9 878 3 
legisl 1111 20 195 9 100 5 
legislatur 526 4 
legum 974 7 
leicestershir 544 12 
leiden 599 84 
leiria 108 12 
lemma 1287 3 
lemur 1466 2 
leningrad 283 18 
lens 496 2 
leon 664 205 
leonard 804 35 
leonid 1317 9 
leopold 598 44 
les 648 76 
lesli 1132 20 
lesotho 664 205 
lesser 748 7 
letter 657 38 
lettr 777 17 145 10 
leukemia 1001 40 1229 29 759 28 
leuven 1236 52 483 8 
leven 141 1 
lewinski 297 72 
lgbt 77 252 757 130 1413 90 1069 66 1176 43 1334 38 1007 37 777 34 79 34 701 24 844 18 204 18 
liang 837 13 
libel 1283 1 
liber 757 130 970 40 809 10 
liberia 664 205 
libertarian 1176 86 
liberti 1471 40 1205 29 
librari 1194 18 1210 2 
librarian 1236 26 
librettist 77 36 85 24 
libyan 664 205 
licens 1209 11 1032 6 10 4 53 3 
lido 595 10 
liechtenstein 664 205 
lieuten 598 44 
life 675 51 328 12 339 11 1161 8 811 3 983 2 
lifetim 662 50 802 47 1343 34 920 32 1205 29 966 21 853 11 
light 1028 7 693 7 
likud 44 39 
lincoln 282 49 1115 24 
lindblom 1157 9 
line 927 1 
linear 1010 6 
linguist 757 130 296 126 
linn 1471 40 
linnaeus 1471 40 916 14 915 14 1272 9 329 7 913 7 1003 7 781 7 
linux 1125 9 
lion 297 72 598 44 1343 34 797 16 1340 7 606 4 
liqueur 1260 4 
liquid 342 39 1117 4 284 3 
lisp 768 6 
list 1104 56 1077 45 636 42 971 36 1078 28 621 24 637 12 1073 10 668 9 1071 9 1076 8 1347 6 898 5 856 4 385 3 786 3 977 3 1086 3 553 2 604 1 
liszt 1001 80 
literari 600 45 824 14 940 7 1242 6 1237 5 
literatur 757 260 1097 52 1292 25 1021 22 1517 16 408 9 15 8 824 7 903 7 866 6 1156 5 897 5 905 4 317 3 
lithium 241 5 
lithuania 664 205 283 18 
lithuanian 771 26 
litteri 506 24 
littl 297 72 
liturg 1018 25 1227 2 
liturgi 1292 25 
live 297 72 513 61 802 47 313 46 1413 45 1249 42 1081 40 342 39 960 33 1356 32 893 31 1065 31 507 30 1312 29 577 29 254 29 216 27 715 25 1232 25 202 24 506 24 888 23 1069 22 153 21 632 20 131 20 687 20 487 19 1334 19 754 18 579 18 723 18 87 17 6 17 1180 16 646 16 1038 16 797 16 1051 15 1100 14 19 12 89 12 143 11 145 10 676 10 595 10 1255 10 158 9 1300 8 539 8 1099 8 779 7 807 7 939 6 
liver 956 18 
livermor 1300 8 
livonia 231 16 
lláh 90 9 
loader 962 3 
local 784 11 1220 5 1137 3 
locat 680 20 1222 9 690 3 233 2 694 1 695 1 
lochab 1264 26 
lockhe 183 33 
locomot 1075 3 791 3 
logic 757 130 1126 6 1346 4 196 2 839 1 838 1 
logician 757 520 327 58 
logohu 297 72 692 31 
lombard 1519 24 
london 1104 224 636 168 600 135 757 130 1420 94 971 90 969 66 513 61 1020 50 1077 45 598 44 1115 24 701 24 637 24 204 18 1275 12 1358 11 1357 8 1076 8 
londonderri 1341 40 
long 1081 80 316 20 1035 11 912 10 
longhorn 1205 29 
lord 600 90 69 8 1242 6 
lorenzo 1132 20 
lorrain 66 14 
los 757 130 512 84 806 64 131 40 1081 40 1343 34 893 31 1134 29 759 28 1133 24 1135 23 311 22 1345 19 1099 8 
lost 1064 7 
lostwithiel 755 6 
loui 1249 168 675 51 646 48 999 12 871 10 
louisiana 313 184 138 48 
love 757 260 675 51 
low 1519 24 637 12 763 11 1323 8 92 6 
lower 1067 14 526 4 
lubavitch 202 24 
lubbock 920 64 
lubric 306 22 
lucent 486 14 
lucia 664 205 
lucien 1468 3 
ludwig 348 7 352 5 350 5 351 4 349 3 347 2 721 1 
lugoj 1344 32 
luna 1343 34 
lunar 648 76 14 13 
lundin 330 10 
lung 1097 52 85 24 777 17 
lute 1027 3 
lutetian 1461 4 
luther 897 5 
lutheran 1471 40 1018 25 
luxembourg 664 205 763 22 
luxuri 979 18 529 18 1358 11 