organ 1195 110 1168 40 763 22 680 20 1142 20 844 18 486 14 753 12 704 11 488 8 135 8 2 8 779 7 818 7 1243 6 1165 5 1037 5 32 5 459 4 284 3 403 3 420 3 466 3 773 3 1445 3 509 2 454 1 434 1 992 1 
organis 971 36 374 30 367 26 372 17 288 16 373 15 362 14 1269 8 
organist 507 90 
orient 1209 11 712 9 1014 8 1184 4 45 2 1052 1 
origin 85 48 1420 47 1463 39 804 35 1518 35 507 30 961 26 311 22 938 22 1183 20 816 12 1288 12 880 12 609 7 1160 6 863 6 582 6 889 5 48 4 847 4 626 4 515 1 
oriol 765 31 871 10 
orlando 1519 48 
ornithologist 1471 40 1065 31 
orphan 867 41 
orrvill 1232 25 
orson 1463 78 
orthodox 223 46 202 24 
orthodoxi 1097 52 712 18 
orthorhomb 88 4 
os 28 17 754 9 
oscar 1153 9 
otsego 704 22 
ottawa 1134 29 
otto 26 31 
ottoman 812 60 1195 44 813 24 1194 18 1207 12 
outback 226 5 
outdoor 1356 64 932 5 
outermost 224 7 
outfit 213 52 
outlin 977 6 
outsid 295 10 
outstand 1413 45 723 18 
ova 1145 28 
overlord 598 44 
oversea 368 17 373 15 1130 6 
owl 1248 20 
owner 662 150 648 76 1038 48 1248 40 1081 40 1463 39 1180 8 
oxford 297 144 692 31 204 18 143 11 940 7 
oxfordshir 804 35 
oxid 517 6 
p 1073 10 
pacif 1081 40 835 30 1315 23 1263 12 661 11 1272 9 36 6 318 6 361 3 
pacifist 757 260 
padma 513 61 
padua 1236 26 
pagan 994 21 574 16 
page 595 10 517 6 
pain 71 3 
painter 777 51 808 21 
pakhtunkhwa 127 17 
pakistan 664 205 127 34 1123 22 158 9 1328 9 1110 2 
pakistani 500 20 
palac 636 84 
palau 664 205 835 45 
paleolinguist 296 18 
paleontolog 339 11 
paleotrop 339 11 
palestin 664 205 598 88 1194 54 202 24 851 10 
palestinian 851 10 
palisad 1081 40 
palm 539 8 
palsi 595 10 
panama 664 205 
pancreat 657 38 
pandem 982 26 
panel 1300 8 
pantheist 327 58 
paper 534 4 823 4 
papua 664 205 
parachut 1341 20 932 5 
parad 617 11 
paradox 1346 12 
paraguay 664 205 
paramilitari 1168 20 1269 8 
paramount 662 50 1020 50 1029 24 887 22 
paranorm 1218 6 
pardon 1031 34 1354 34 
pari 657 38 26 31 579 18 169 9 1142 5 
parish 138 16 1221 6 
park 757 130 1007 37 213 26 1002 24 339 22 680 20 1036 5 
parklan 313 46 
parliament 68 54 692 31 526 4 641 4 
parodi 576 38 
part 900 5 1075 3 
parti 297 216 844 144 600 135 1176 86 970 80 44 78 692 62 234 35 1111 20 956 18 1273 16 536 15 
partial 1415 7 
particip 313 46 220 8 221 8 
particl 1040 1 
partner 281 5 
pas 1061 8 
pascal 699 28 
passag 1161 8 846 6 
passerin 871 10 
passi 808 7 
pasternak 1097 52 
patholog 249 7 171 2 
patriarch 223 46 837 13 
patriot 40 11 1157 9 
patronag 971 18 
paul 598 44 1010 6 
paulin 1055 20 
paywal 764 6 
peabodi 662 50 
peac 1413 45 
pedal 791 3 
peer 600 90 
peerag 757 130 600 45 598 44 1101 1 
pegula 854 8 
pei 1028 7 
peleliu 835 15 
pelvic 1037 5 
pembrok 1065 31 
pen 996 3 
penalti 1097 52 
pencil 823 4 
penicillin 2 8 
peninsula 366 13 1201 6 1155 5 
penitentiari 213 26 
penn 1248 40 
pennsylvania 648 760 1229 58 1002 48 1215 39 1312 29 1248 20 723 18 593 11 1277 4 
penobscot 675 51 
peopl 757 780 513 610 1413 585 297 504 648 456 598 264 44 234 313 230 1007 222 26 217 1115 216 1176 215 771 208 664 205 1081 200 662 200 1344 192 327 174 960 165 920 160 1065 155 657 152 683 144 1420 141 632 140 1354 136 79 136 600 135 1356 128 1249 126 1001 120 1312 116 1205 116 254 116 1058 115 77 108 213 104 675 102 1343 102 687 100 969 99 1002 96 802 94 893 93 692 93 1141 90 577 87 867 82 1471 80 487 76 1232 75 85 72 1100 70 1069 66 1021 66 1038 64 105 64 96 63 765 62 658 60 131 60 204 54 723 54 1097 52 87 51 1031 51 777 51 6 51 1018 50 646 48 223 46 1051 45 31 45 994 42 599 42 512 42 595 40 1055 40 1180 40 1090 39 86 38 783 38 956 36 19 36 237 36 797 32 507 30 1229 29 759 28 699 28 754 27 1236 26 1012 26 202 24 1275 24 506 24 1029 24 888 23 1342 22 232 22 153 21 1311 21 1341 20 1111 20 812 20 676 20 1255 20 651 20 1334 19 939 18 169 18 296 18 158 18 90 18 579 18 1304 18 872 16 539 16 1099 16 837 13 1207 12 89 12 123 12 99 12 1288 12 143 11 1231 11 145 10 0 10 713 10 1305 10 1073 10 252 9 17 9 16 9 1008 9 1300 8 253 8 813 8 711 7 1017 7 808 7 570 6 91 6 861 6 788 6 768 6 1242 6 845 5 1140 5 569 4 80 3 668 3 821 3 408 3 130 2 822 2 1146 2 604 2 
per 330 10 
percentag 556 2 
perform 1420 94 662 50 1413 45 765 31 1205 29 1029 24 723 18 19 12 
period 1327 14 627 9 1479 8 860 6 1499 1 
periton 1354 34 
perkin 632 20 
perl 1032 6 
perman 462 2 
persephon 14 13 
person 1249 126 297 72 513 61 1020 50 662 50 1115 48 802 47 1002 24 888 23 783 19 1304 18 1231 11 1117 4 1199 3 
personif 991 11 
personnel 598 220 1007 111 675 51 1115 48 1176 43 1248 40 44 39 77 36 1344 32 1232 25 1021 22 1038 16 
perth 969 33 692 31 
peru 664 205 
peter 1131 40 
petersburg 648 76 283 18 
petroleum 306 11 
pharmacolog 516 11 1507 8 
pharsalus 660 16 
phase 963 6 4 3 
phenol 2 8 972 6 
phenomena 671 6 1015 4 164 1 
phenyl 720 3 
philadelphia 648 380 1248 60 1312 29 1002 24 723 18 
philanthropist 513 122 313 46 867 41 
philharmon 348 7 
philip 512 42 
philippin 664 205 
phillip 513 61 
philosoph 757 3380 327 928 675 510 648 380 1229 116 699 84 319 78 223 46 328 36 0 30 837 13 62 12 1517 8 635 3 
philosophi 757 390 327 174 675 153 328 24 959 20 175 10 1246 8 228 3 
phoenix 1176 86 592 24 
phonet 170 1 
phosphat 241 5 
photograph 771 26 754 9 
phrase 850 16 15 16 500 10 1305 10 118 8 1201 6 1237 5 987 5 1084 4 1438 4 243 2 
phycologist 1471 40 
phyla 1412 4 334 3 
phyllosil 1353 6 
physic 657 38 728 14 1203 12 880 12 671 6 963 6 933 5 1512 3 4 3 1226 3 1083 2 1040 1 
physician 599 42 1471 40 
physicist 699 28 
physiolog 257 4 
pianist 1141 90 507 90 1001 80 254 58 1097 52 
piano 1001 40 350 10 351 8 349 6 
pick 646 64 
picker 783 19 
pictogram 1120 7 
pictur 1020 100 216 54 662 50 1463 39 1518 35 
piedmont 1141 30 1012 26 887 22 
pierr 915 14 325 3 
pieterskerk 599 21 
pigment 18 10 
pilat 245 7 
pilot 1176 43 
pinewood 1133 24 1131 20 
pioneer 1354 68 1420 47 632 20 89 12 
pirat 1031 68 893 62 662 50 593 11 
pisa 235 18 
piston 1323 8 798 6 
pitch 550 10 554 10 549 2 
pitcher 765 31 
pittsburgh 662 50 1248 40 593 33 893 31 
placard 513 61 
place 136 68 647 36 1223 27 1019 27 139 26 976 22 173 20 1026 20 360 17 359 14 1259 13 285 12 114 12 1056 11 1231 11 937 11 295 10 489 9 990 9 1153 9 266 9 754 9 1426 8 1352 8 138 8 108 6 532 6 1220 5 142 5 137 4 207 2 206 1 
placent 240 1 
plagiar 310 6 
plagu 982 26 14 13 1147 10 
plan 687 20 1153 18 142 5 
planetari 129 13 133 13 
plant 974 7 1432 3 242 3 337 3 335 2 
plaqu 971 18 970 10 
plastic 972 12 
platform 1302 34 28 17 1014 8 1032 6 10 4 
plautus 97 13 
play 176 110 97 65 282 49 867 41 311 22 42 9 1262 8 1180 8 557 2 
player 802 893 893 310 765 217 1232 150 648 76 646 64 1248 60 254 58 759 56 662 50 1051 45 1081 40 1012 26 715 25 654 7 586 6 
playoff 1248 20 
playstat 1302 68 
playwright 77 144 1097 52 85 24 
pleas 66 28 1104 28 363 22 374 15 333 14 362 14 370 13 14 13 1259 13 647 12 937 11 173 10 851 10 266 9 224 7 1130 6 
pledger 513 61 
pleistocen 916 28 
plough 779 7 
pneumonia 77 36 969 33 1205 29 
pod 974 7 
poem 574 48 40 22 
poet 1097 312 204 54 105 48 683 36 812 10 16 9 
poetic 1034 8 
poetri 204 18 40 11 1034 8 
point 213 26 1264 26 718 4 
poison 306 11 516 11 570 6 
poitier 984 21 
poland 664 205 283 18 1095 2 649 1 
polar 1471 40 
polic 1136 5 
polici 1317 9 
polio 1141 30 
polish 657 228 1097 52 1176 43 96 21 1288 12 1311 7 
polit 757 780 648 152 297 144 327 116 1176 86 44 78 68 54 844 54 970 50 282 49 1334 38 783 38 254 29 1195 22 153 21 234 21 1111 20 491 19 956 18 536 15 64 14 1071 12 1273 12 195 9 1269 8 1480 8 818 7 1444 6 56 4 299 4 1013 3 433 1 
politician 297 360 44 117 1058 115 536 90 1176 86 648 76 692 62 1111 60 600 45 956 36 1354 34 
pollin 1086 3 
pollut 249 21 
polyandri 26 31 
polyatom 1507 8 
polygram 1134 29 1133 24 1135 23 1131 20 
polyhedra 751 2 
polym 640 7 
polysaccharid 248 12 
polytechniqu 657 38 
pontif 1236 26 
pontius 245 7 
pop 313 230 966 84 662 50 507 30 827 28 506 24 701 12 510 10 330 10 1157 9 1102 3 
pope 223 23 
popul 136 68 647 36 1223 27 1019 27 139 26 976 22 173 20 1026 20 844 18 360 17 359 14 1259 13 125 13 285 12 114 12 1056 11 937 11 295 10 489 9 990 9 1153 9 266 9 1426 8 1352 8 138 8 108 6 532 6 1220 5 142 5 137 4 207 2 206 1 
popular 491 19 293 9 192 7 
populist 844 18 
port 19 48 1026 20 136 17 1352 16 1426 16 1259 13 647 12 937 11 489 9 714 8 1144 5 1036 5 236 4 
portug 664 205 108 24 224 14 236 12 
portugues 664 205 327 58 363 44 314 42 1337 8 
posit 1161 8 1170 7 565 4 1152 3 110 1 
post 961 26 178 3 
poster 1275 12 
posthum 1001 40 
postmast 648 76 
postmodern 512 42 621 24 
postseason 592 24 593 22 
potassium 1353 6 
potato 919 4 
potestaat 253 8 
potter 969 33 
power 73 5 735 5 
powerpc 1184 4 
practic 118 8 1294 2 
practition 723 18 
pradesh 162 6 
pragu 1317 9 
prato 235 9 
prayer 1292 50 
pre 1018 25 1194 18 368 17 1090 13 345 9 
predat 914 5 
prefectur 1315 46 145 10 714 8 163 1 
prefix 703 5 
prehistor 845 5 240 1 
prehistori 861 6 
premiership 1339 16 
premix 50 1 
preparatori 662 50 
prequel 1136 5 
present 512 42 1518 35 1065 31 64 14 1352 8 
preserv 1325 10 
presid 297 360 757 130 1354 68 282 49 1058 23 956 18 1038 16 64 14 195 9 
presidenti 297 432 1176 215 513 61 675 51 1354 34 765 31 202 24 
prestig 1141 30 1012 26 
preston 802 94 
price 637 12 807 7 
pridoli 1470 3 
priest 0 20 
primari 1133 24 1135 23 1011 6 
primarili 130 2 
primat 1467 8 1468 3 1466 2 1469 1 
prime 600 135 44 39 692 31 1183 20 
primetim 1081 40 723 18 
primit 880 12 303 7 302 4 1046 4 
princ 893 31 252 9 253 8 231 8 931 7 984 7 
princeton 687 40 
print 629 7 
printer 648 76 1493 5 
printworthi 973 1 
prior 601 3 
prison 757 390 1111 60 956 36 1115 24 158 9 1517 8 
privat 1268 8 
privi 600 90 598 44 
prix 979 18 676 10 145 10 809 10 
prize 757 260 202 48 1001 40 1081 40 657 38 940 7 
pro 759 28 1248 20 
probabilist 706 2 
probabl 699 28 1246 8 
probiot 1037 5 
problem 1126 12 1117 4 4 3 
procedur 688 6 71 3 964 1 
process 935 16 257 4 1068 3 724 3 921 2 634 2 1459 1 1464 1 157 1 
proclam 1194 18 1193 12 
procur 230 3 
produc 1413 135 1020 100 1420 94 1081 80 330 60 1131 40 1007 37 77 36 804 35 1133 24 1135 23 1345 19 1304 18 797 16 310 6 665 4 309 4 
product 1020 50 1420 47 216 27 961 26 54 12 1263 12 640 7 1298 7 179 7 1494 6 534 4 178 3 1204 3 337 3 181 2 147 2 180 2 
profess 80 3 1214 3 
profession 871 10 870 8 32 5 
professor 657 38 
profit 753 12 
program 342 156 311 154 1183 100 687 40 806 32 688 24 1288 24 667 24 1014 24 1209 22 487 19 1284 13 753 12 5 12 709 9 1125 9 860 6 1032 6 1516 4 194 4 53 3 964 2 1052 1 
programm 513 61 1284 52 153 42 687 40 632 20 487 19 89 12 768 6 
progress 6 17 
prohibit 213 26 
project 1007 37 125 13 855 11 912 10 595 10 1014 8 1154 7 1032 6 
prom 806 32 
proof 144 4 1287 3 1106 2 
propaganda 282 49 
proper 784 22 132 14 134 14 129 13 133 13 146 12 
properti 28 17 1259 13 1494 6 63 3 
propheci 118 8 
prophet 1055 20 941 7 943 4 944 4 949 3 945 3 948 3 947 2 942 2 951 2 950 2 946 2 
proposit 839 1 838 1 
proprietari 1209 11 
prose 1517 8 
prostat 1304 18 
protect 1065 31 1023 15 
protector 363 22 372 17 362 14 
protein 115 1 
protest 1341 40 232 11 
proven 339 11 
provenc 817 2 
proverb 1518 35 905 4 
provid 765 31 1077 15 486 14 753 12 155 7 
provinc 139 39 235 36 1058 23 1174 20 125 13 1337 8 748 7 359 7 711 7 224 7 318 6 482 5 1110 1 
provinci 648 76 
prussia 232 77 804 35 879 18 
prussian 1471 40 765 31 
príncipe 664 205 
pseudocod 618 3 
pseudonym 648 76 631 2 
pseudosci 661 22 
psychedel 966 42 87 17 1275 12 1035 11 
psychiatr 1134 29 1135 23 58 7 1005 5 1265 3 
psychoact 1170 7 
psycholog 621 48 96 42 
psychologist 1229 116 96 63 
psychopath 621 24 1131 20 
psychopatholog 1473 2 
psychopomp 991 11 95 11 
pteridologist 1471 40 
ptolema 1327 14 
ptolemi 786 3 
public 1109 60 1249 42 1104 28 971 18 1424 18 135 16 1077 15 1339 8 764 6 1494 6 1480 4 
publish 648 152 1463 39 969 33 26 31 827 14 764 6 1235 6 
punjabi 500 30 
punk 501 36 
pupil 1001 80 
purim 900 5 
puriti 846 6 
puzzl 715 25 
pyramid 751 2 
pyrotechn 516 11 
pyrrhon 959 5 
pyréné 1144 5 
python 1098 7 857 5 
q150 226 5 
qaeda 220 8 221 8 
qatar 664 205 1123 11 
qing 1518 35 
quadjet 912 10 1291 7 1060 5 
quaker 1248 40 
quantit 1514 3 
quantum 1010 12 1203 4 706 4 
quarter 850 16 
quarterback 1248 20 
quartet 1001 40 853 11 510 10 347 4 
quebec 1073 10 
queen 600 45 1249 42 994 21 87 17 
queensland 1263 12 1340 7 
querfurt 1342 11 
queue 47 7 
quint 789 3 
quintet 966 21 1035 11 
quorum 1354 34 
quotat 15 8 
r 853 11 870 8 
rabbi 202 96 
rabbit 1262 4 
race 282 49 1249 42 1471 40 96 21 979 18 1322 11 918 7 
racecar 979 18 1322 11 
racehors 662 50 
racial 1128 14 1146 2 
racism 282 98 1007 37 96 21 576 19 52 5 
racquet 626 4 
radboud 38 8 
radiat 179 21 1239 8 965 6 
radio 1249 126 662 100 1065 62 1176 43 867 41 875 30 1002 24 595 10 293 9 1034 8 1478 5 1149 3 
radioact 1239 4 1083 2 
ragtim 1012 26 887 22 
raider 759 28 1232 25 
rail 902 4 1075 3 901 1 
railroad 647 12 
railway 902 8 
raimi 216 81 
rain 249 7 
rainbow 1011 6 690 3 
rainforest 36 3 
raion 1311 7 
rajasthan 162 6 
rami 330 10 
ramilli 686 24 
ramjet 735 5 
rampag 243 2 
randolph 1463 39 
rang 1154 7 315 5 
rank 26 31 
rap 501 36 
rapcor 501 18 
rape 14 13 123 6 
rapid 138 8 
rare 1160 3 
rasopathi 171 2 
rat 1420 47 
rate 311 22 
ratio 1173 6 
rationalist 327 58 
raven 843 5 
ray 1239 4 
raytheon 179 7 178 3 180 2 181 2 
razgrad 1308 6 
rbi 893 31 765 31 
rca 662 50 313 46 
rd 237 72 1183 20 91 12 1308 6 856 4 
reactiv 1507 8 517 6 
realism 1518 35 
realiti 313 46 328 12 908 7 
realm 1193 12 
rebel 994 21 
rebellion 994 21 
receptor 1170 14 110 1 
recess 18 5 
recipi 598 440 297 360 757 260 513 244 675 102 802 94 1176 86 648 76 202 72 1420 47 1249 42 1081 40 1354 34 765 31 506 24 888 23 1031 17 486 14 89 12 937 11 
recognit 513 61 
reconstruct 282 49 
record 662 300 1141 120 1205 116 1012 104 920 96 313 92 1029 72 1343 68 966 63 254 58 501 36 6 34 827 28 1002 24 887 22 853 22 330 20 510 20 579 18 624 16 701 12 1035 11 1272 9 562 8 310 6 1494 6 665 4 309 4 
recreat 648 76 880 12 932 5 
rector 600 45 
recur 617 11 589 3 1348 3 590 3 588 2 
red 765 31 1232 25 646 16 836 15 248 12 593 11 1180 8 870 8 
redevelop 1036 5 
redirect 1412 4 973 2 
reduc 516 11 312 8 1507 8 518 5 
reenter 1497 7 
reestablish 853 11 1357 8 
refer 671 6 1424 6 
referenti 1346 4 
reflex 576 19 
reform 648 76 1292 25 1018 25 788 6 
refractori 1523 5 
refuge 1001 40 
refus 579 18 
regen 1328 9 
regenc 636 21 1337 8 
regiment 1341 20 
region 1225 40 483 32 283 18 6 17 1426 16 362 14 224 14 139 13 1090 13 874 12 108 12 763 11 315 10 1019 9 1222 9 1321 8 995 8 1201 6 532 6 226 5 502 4 524 4 36 3 1441 2 39 2 30 1 41 1 
regist 176 11 348 7 544 6 157 1 
registri 282 49 512 42 1463 39 576 19 
regnant 994 21 
regolith 520 6 
reik 77 36 
relat 282 98 1479 56 598 44 1194 36 1343 34 1344 32 1317 27 213 26 1315 23 1054 22 1195 22 1341 20 68 18 28 17 1449 16 1023 15 64 14 1193 12 1147 10 1125 9 1161 8 1415 7 364 6 508 5 619 5 32 5 120 4 977 3 1071 3 385 3 1103 3 668 3 1199 3 1082 3 424 2 438 1 604 1 456 1 150 1 613 1 415 1 395 1 
relax 912 10 1170 7 111 4 
reliant 1272 9 
religi 1354 34 1168 30 1018 25 712 18 658 15 90 9 818 7 1438 4 
religion 757 260 327 116 1312 29 818 28 319 26 95 22 599 21 14 13 837 13 1455 12 1174 10 299 4 228 3 
remov 71 3 
renaiss 216 27 599 21 
rendit 158 9 
rené 26 31 
repres 648 76 692 62 802 47 1111 40 
represent 614 9 
repress 195 9 1269 8 
repris 662 50 254 29 966 21 
republ 664 1230 1471 80 327 58 802 47 804 35 1327 28 956 18 1462 16 374 15 314 14 333 14 362 14 367 13 370 13 874 12 371 12 365 10 369 9 872 8 685 8 660 8 686 8 1160 3 523 3 1127 2 
republican 757 130 1176 129 692 31 1232 25 783 19 1327 14 
research 153 42 657 38 486 28 96 21 632 20 1328 9 
resid 636 21 1078 14 1169 3 
resin 972 6 
resist 953 5 
respect 1104 28 
respiratori 1519 24 
respons 634 2 
retail 648 76 
retir 893 31 765 31 646 16 
reuben 86 19 676 10 
revel 118 8 897 5 
reveng 1134 29 1133 24 1135 23 1131 20 
rever 1231 11 
reviv 342 39 1141 30 1104 28 1169 3 
revolt 598 44 
revolut 327 58 753 12 617 11 1273 4 
revolutionari 1195 66 1054 11 
rhine 1259 13 266 9 
rhode 753 72 297 72 692 31 
rhythm 607 13 
rhône 699 28 
rica 664 205 
richard 1354 34 64 14 
richmond 757 130 
riddl 1132 20 
riddler 1135 23 1132 20 
ridg 224 7 
ridley 512 42 
rifl 879 18 918 7 
riga 231 16 
right 1413 225 757 130 1176 129 1007 74 844 54 765 31 579 18 536 15 158 9 234 7 
rim 1263 12 
ring 929 1 
rio 736 3 
riot 282 98 
rise 802 47 
rite 1161 8 846 6 
ritual 846 6 
river 125 91 235 63 79 17 173 10 162 6 736 3 
riverdal 1067 14 
riversid 893 31 
rko 1463 39 
road 136 17 976 11 855 11 1026 10 1019 9 359 7 
robbin 97 13 5 12 
robert 282 49 1104 28 1355 10 935 8 
robin 1134 29 
robot 961 52 512 42 
rochdal 1065 31 
rock 1343 170 920 128 297 72 1002 72 966 63 1207 48 506 48 501 36 6 34 1035 33 827 28 888 23 607 13 1233 12 520 6 
rockabilli 920 64 1002 24 
rocket 516 11 154 3 
rocki 254 29 915 14 339 11 
rockwel 1291 7 
rodent 1147 10 913 7 
rodham 297 72 
roir 501 18 
roland 1519 24 
role 1413 45 712 9 1262 8 
roll 1343 34 920 32 1002 24 
roman 1344 128 699 112 1236 104 1018 100 223 92 237 72 1327 56 662 50 1519 48 937 44 994 42 1001 40 0 40 342 39 266 36 765 31 26 31 658 30 254 29 931 28 139 26 213 26 660 24 579 18 136 17 872 16 97 13 91 12 1342 11 295 10 252 9 1326 8 1308 6 788 6 878 6 845 5 
romanc 45 2 
romania 664 205 316 60 836 15 142 15 749 12 
romanian 1001 40 1038 16 142 5 
rome 1104 28 97 13 1433 4 
romstar 1302 34 
rooki 587 6 
roraima 736 6 
rose 544 6 
rosemari 85 24 