0 1341 4 1123 3 1268 2 1002 2 1136 1 1283 1 1310 1 1126 1 901 1 55 1 1021 1 1068 1 749 1 299 1 917 1 255 1 176 1 794 1 405 1 394 1 1478 1 609 1 1517 1 910 1 1325 1 1103 1 204 1 120 1 692 1 1 1 871 1 
00 1341 4 1479 2 204 1 1021 1 405 1 692 1 
000 600 2 1025 2 329 1 1034 1 999 1 
0000 1479 1 
00000002 42 1 
00000008 42 1 
00000009 1269 1 
00000534 609 1 
000006 48 1 
00001 1021 1 
000038 97 1 
000048 42 1 
00005 1227 2 
0004 461 1 
000757 729 1 
001 299 1 
001003 664 1 
00101 1519 1 
002046 703 1 
0023 1018 1 
0027 297 1 
0028 1018 1 
003778563 136 1 
004 1123 1 312 1 
005 600 1 516 1 891 1 
006 983 1 1507 1 
007215 1002 1 
007429 1268 1 
01 1497 2 176 1 1269 1 131 1 752 1 938 1 327 1 135 1 374 1 976 1 1021 1 592 1 
010219 204 1 
010858 1268 1 
012 977 1 
0125 26 1 
01506 974 1 
01731 891 1 
0192 643 1 
02 438 1 204 1 1274 1 394 1 1497 1 89 1 595 1 1463 1 1311 1 
021458 1002 1 
0258 1341 2 
03 1031 1 976 1 1458 1 687 1 1356 1 917 1 
0304 1189 1 
036 1131 1 
036038 1131 1 
04 36 3 891 3 1065 1 1126 1 26 1 691 1 221 1 56 1 461 1 1356 1 
04001 894 1 
041115002514 916 1 
05 86 1 127 1 1154 1 1291 1 6 1 1497 1 687 1 1031 1 709 1 
0502 815 1 
0528 595 1 
056 518 1 
057 1223 1 
06 394 2 804 1 906 1 671 1 1139 1 367 1 1170 1 
060918 297 1 
061 1471 2 
0690 1136 1 
07 195 4 1031 1 374 1 703 1 1100 1 586 1 1012 1 790 1 135 1 1154 1 1458 1 
071126115307 916 1 
072 420 1 
072501 134 1 
08 1031 1 764 1 671 1 1139 1 89 1 1126 1 
09 731 2 1170 1 680 1 1186 1 297 1 783 1 836 1 927 1 1126 1 461 1 632 1 
090824 976 1 
097 519 1 
0979 888 1 
098979 1125 1 
1 1291 10 1031 5 183 3 1131 3 894 3 327 2 349 2 367 2 1227 2 135 2 536 2 1341 2 348 2 1444 2 1269 2 1136 2 159 2 891 2 1123 1 297 1 1079 1 1068 1 600 1 749 1 299 1 1298 1 255 1 953 1 127 1 311 1 1133 1 394 1 609 1 235 1 1103 1 1002 1 1268 1 871 1 1155 1 97 1 594 1 699 1 351 1 282 1 709 1 365 1 55 1 1030 1 963 1 845 1 875 1 974 1 1332 1 86 1 1479 1 486 1 134 1 195 1 648 1 1358 1 802 1 979 1 836 1 1513 1 906 1 360 1 
10 1102 3 598 2 632 2 1030 1 285 1 1344 1 1023 1 910 1 751 1 1155 1 249 1 921 1 940 1 963 1 1513 1 195 1 367 1 1356 1 1300 1 974 1 29 1 
100 1463 4 915 1 282 1 632 1 999 1 
1000 1517 2 
10000 320 1 
100798 312 1 
10112005 1269 1 
101284771 1100 1 
1013 664 1 
1017 648 1 
101888 64 3 
102 1144 1 
1021 249 1 1300 1 
1023 282 1 
10314748 152 1 
10407 1021 1 
104351 999 1 
104482 912 1 
104500 1291 1 
1054745371300 1002 1 
106 932 1 
1063 963 1 
1064527 367 1 
107 782 1 
107105 999 1 
107210 999 1 
107213 999 1 
1074 432 1 
107630 999 1 
107635 999 1 
108 477 1 
109 190 1 
1095308 1012 1 
11 976 2 1154 2 1443 2 632 2 916 2 802 2 1025 1 764 1 586 1 933 1 221 1 874 1 461 1 595 1 783 1 1018 1 56 1 299 1 1274 1 220 1 891 1 
110829 1031 1 
1111 974 1 
1120598654 632 1 
1130 99 1 
1149432180 1507 1 
1150 1018 1 
115240 1455 1 
1153 1018 1 
1154642 360 1 
116073 901 1 
1181 1444 1 
1183540634 55 1 
11870 408 1 
119 781 1 974 1 395 1 
11919 802 1 
1198 915 1 
12 1463 1 1154 1 963 1 394 1 1015 1 1497 1 1311 1 327 1 891 1 
120 178 2 394 2 
1211472 366 1 
1222 1174 1 
123 1348 1 
12333 56 1 
1255957 1086 1 
12650940 362 1 
127 1003 1 
1273 299 1 
1287 1136 1 
129 979 1 
1293 159 1 
1296 1275 1 
13 438 1 405 1 1341 1 
130 183 4 348 1 
13030 1223 1 1097 1 
13040376 371 1 
13072774 374 1 
1320 811 1 
13240446 1116 1 
134 1519 1 
135893 309 1 
1365 974 1 
138 599 1 
1380 1078 1 
13838 395 1 
1386 1152 1 
13964 327 1 
14 1227 2 1103 2 617 2 86 1 912 1 938 1 643 1 195 1 687 1 910 1 1356 1 1100 1 692 1 1155 1 891 1 
141118 1268 1 
142 190 1 
1422 159 1 
14228 715 1 
1430 1303 1 
14328 1517 1 
144122 1161 1 
1445529 963 1 
145 127 1 1355 1 
145786 963 1 
146736 405 1 
146830 405 1 
148 648 1 
1485 544 2 
149 781 1 
15 699 1 1154 1 1015 1 536 1 221 1 703 1 1209 1 1458 1 
1500 66 1 
15056143 1116 1 
15059 66 1 
151 969 1 
1510 351 1 
151639 297 1 
15245 351 1 
153 647 1 
155 850 1 
1565 432 1 
157 127 1 
15781 906 1 
159 917 1 
1595 1034 1 
15968 963 1 
16 1341 2 1031 1 1002 1 580 1 854 1 933 1 195 1 
160 195 1 205 1 
1600 327 1 
16042009 1269 1 
1609 368 1 
161 1068 1 
1610 1341 2 
1620 627 1 
16212 935 1 
163159 648 1 
1639 1034 1 
1640 432 1 
1648 1311 2 
1649 1311 3 
166 1189 1 
1677 327 1 
1697 731 1 
1699 327 1 
17 1283 1 351 1 1504 1 327 1 1291 1 1268 1 1201 1 642 1 1513 1 1067 1 
1700 627 1 1444 1 1034 1 
1704 685 1 
1706 648 1 
1709 599 1 
17211415 370 1 
1733 599 1 
1739 599 1 
1741 599 1 
17429 1340 1 
1744 1471 1 
1747 127 2 
174762 461 1 
1749 195 1 
1753 599 1 
176 1269 1 
1764 1356 1 
1773 648 1 
1776 648 2 
1783 648 1 
1785 648 1 
1790 327 1 
179119 974 1 
1798 195 2 
1799 1079 1 
18 804 1 1269 1 297 1 394 1 1268 1 1479 1 1018 1 
1809 127 1 
1810 1337 1 
1814928 648 1 
1815 662 1 
18346 891 1 
1848 66 1 
184927 1341 1 
184928 1341 1 
184944 1341 1 
1858 699 1 
1859249 89 1 
186 1519 1 
1861 609 1 
18698805 1201 1 
18718523284 370 1 
1872 152 1 
1877 1123 1 
1878 636 1 
1886 999 1 
1889 585 1 
1891 1283 1 
18931 394 1 
1897 1079 2 1517 1 
1899 1332 2 
19 204 2 1311 2 127 1 680 1 176 1 580 1 195 1 536 1 709 1 1356 1 
1900 910 1 66 1 1227 1 
1902 1517 1 
1905 282 1 
1906 92 1 1144 1 
19061 1002 1 
1907 972 1 
1908 642 1 852 1 
1910 1034 1 
1911 1223 1 586 1 66 1 
19133 729 1 
1914 1023 1 66 1 
1916 136 1 1023 1 
1917 1269 1 
1918 195 1 1023 1 285 1 66 1 
19181025 66 1 
1919 974 1 
1920 1269 2 
1921 1269 2 
1922 850 1 
1925 327 1 
1930 136 1 
1932 26 1 
1934 1274 1 
1935 1283 1 348 1 1274 1 
1936 704 1 
1937 979 3 
1939 598 1 585 1 816 1 609 1 
1941 195 3 1463 2 
1942 195 1 834 1 
1943 836 1 
1944 1479 1 
1945 195 2 598 1 1479 1 
1946 1223 1 176 1 26 1 462 1 195 1 1479 1 
1947 1479 3 195 1 580 1 32 1 
1948 195 1 
1949 999 2 
1951 1154 1 
19512 1471 1 
1956 959 2 348 1 
1957 999 2 86 1 
1957083 190 1 
1958 1097 2 
1959 1167 3 
196 850 1 
1960 1167 3 1097 1 999 1 
1961 1322 1 1275 1 
1966 1322 1 1132 1 999 1 
1967 688 1 
1969 598 1 
1971 1355 1 100 1 
1972 1341 2 1322 1 891 1 
197202030009 1341 1 
1973 804 1 
1974 64 1 66 1 297 1 
1976 56 2 1471 1 
1977 699 1 183 1 636 1 
1978 55 1 1274 1 327 1 
1979 1292 2 
198 600 1 
1980 932 1 974 1 
1981 687 1 932 1 327 1 
19817520 600 1 
1982 1322 1 
1983 692 1 135 1 
1985 999 2 
1986 999 1 
1987 1102 2 
1988 249 1 723 1 
1989 1311 1 
1990 932 1 
1991 1282 1 1183 1 
1994 66 1 
1996 1012 1 204 1 462 1 
1997 539 1 1021 1 
1998 249 1 723 1 925 1 595 1 
19980423080957 674 1 
19980612235347 293 1 
1999 595 2 55 1 1269 1 802 1 297 1 680 1 687 1 1356 1 632 1 29 1 
19991209185931 1478 1 
2 360 47 912 9 461 5 1463 5 1471 4 1283 3 647 3 1478 3 54 2 983 2 594 2 687 2 249 2 790 2 1209 2 599 1 1079 1 1519 1 92 1 183 1 1025 1 1126 1 1174 1 507 1 394 1 1103 1 26 1 692 1 1133 1 1155 1 699 1 311 1 963 1 1001 1 539 1 1274 1 996 1 99 1 366 1 462 1 134 1 1311 1 781 1 1018 1 917 1 580 1 979 1 18 1 532 1 127 1 544 1 1068 1 
20 351 7 1434 5 626 5 1167 4 1015 3 1325 3 1517 3 1227 3 546 3 195 3 647 3 360 3 1513 2 327 2 974 2 691 2 1078 2 226 1 1086 1 297 1 687 1 1269 1 1030 1 953 1 648 1 598 1 1354 1 641 1 1018 1 213 1 204 1 915 1 
200 580 1 
2000 1341 2 361 1 963 1 536 1 687 1 932 1 1058 1 
20000611213328 1232 1 
2001 54 8 592 5 963 3 64 3 641 2 1058 2 783 2 204 2 1269 2 1341 1 134 1 410 1 
20010118233900 674 1 
20010222031055 935 1 
20011109080742 1507 1 
2002 56 2 6 2 1170 1 1126 1 874 1 221 1 1183 1 1155 1 1300 1 
20020408121202 1183 1 
20020621182544 1339 1 
20021024 1155 1 
2003 797 1 976 1 836 1 687 1 723 1 632 1 648 1 
20030330 282 1 
20030330065920 990 1 
20031012141706 327 1 
20031201 1349 1 
2004 916 1 977 1 600 1 1189 1 976 1 871 1 
20040304204021 1349 1 
20040404095431 1495 1 
20040409090921 56 1 
20040413100334 1205 1 
20040417060049 408 1 
20040611134128 546 1 
20040703203707 1222 1 
20040822065351 723 1 
20040825075222 285 1 
20040826061207 1495 1 
20040923052349 723 1 
20040926103045 1215 1 
20040929102431 408 1 
20041204140553 410 1 
200491 1167 1 
2005 1065 2 632 2 249 1 762 1 1100 1 205 1 1463 1 1126 1 764 1 
20050115120539 1322 1 
20050217040523 664 1 
20050305091132 933 1 
20050403144345 855 1 
20050420074219 236 1 
20050421184249 1123 1 
20050703074739 86 1 
20050804003446 92 1 
20050830023048 1065 1 
20051003232659 520 1 
20051105163005 77 1 
20051125101448 1156 1 
20051211094608 120 1 
20051215012015 1021 1 
20051216113158 1322 1 
20051217091302 546 1 
20051220142130 963 1 
20051225193340 974 1 
20051226061445 963 1 
2006 648 3 36 2 297 2 664 2 632 2 1031 1 1479 1 486 1 394 1 598 1 974 1 1080 1 1507 1 249 1 234 1 1155 1 781 1 790 1 932 1 405 1 996 1 
20060114173522 699 1 
20060206162954 990 1 
20060210192113 1126 1 
20060212064817 976 1 
20060219180520 1126 1 
20060219224837 414 1 
20060304035706 1282 1 
20060324105749 646 1 
20060331034115 753 1 
20060421175435 249 1 
20060502181213 1482 1 
20060505042501 1303 1 
20060525171802 348 1 
20060615020809 557 1 
20060616123651 546 1 
20060617145859 1201 1 
20060623044421 1482 1 
20060624174501 1303 1 
20060626011156 1300 1 
20060721163713 1495 1 
20060821040505 415 1 
20060828235527 783 1 
20060902070400 890 1 
20060921050720 976 1 
20060926174958 1154 1 
20060930025908 1497 1 
20061004153401 1132 1 
20061014174243 306 1 
20061110073809 735 1 
20061129022411 910 1 
20061201174231 213 1 
20061212025728 969 1 
20061216180940 762 1 
2007 36 4 134 2 204 2 127 1 972 1 916 1 1154 1 913 1 1012 1 687 1 1126 1 731 1 327 1 595 1 906 1 1513 1 254 1 1355 1 299 1 1183 1 
20070116130341 1322 1 
20070127200630 183 1 
20070207082349 103 1 
20070209204015 1495 1 
20070212003546 249 1 
20070228220638 1479 1 
20070301092846 1056 1 
20070306055504 1046 1 
20070307062524 92 1 
20070312103049 723 1 
20070317213050 1356 1 
20070415000127 135 1 
20070426114919 1034 1 
20070503180326 327 1 
20070504050918 297 1 
20070505063545 909 1 
20070515013052 348 1 
20070602112525 1183 1 
20070604082733 916 1 
20070624110231 972 1 
20070624152123 627 1 
20070701132905 1495 1 
20070701163739 249 1 
20070713083148 159 1 
20070808153332 901 1 
20070809013413 539 1 
20070813075056 918 1 
20070829053313 595 1 
20070911122606 976 1 
20070915081437 664 1 
20070921033600 913 1 
20070923024056 348 1 
20070927070327 1001 1 
20070928000455 89 1 
20070928003708 312 1 
20070928053901 526 1 
20070929040559 940 1 
20070929104944 723 1 
20070930020043 1018 1 
20070930184905 938 1 
20071005153127 532 1 
20071012120420 36 3 
20071023093217 97 1 
20071025081919 1275 1 
20071114093618 977 1 
20071129123212 891 1 
20071204213707 437 1 
20071211104023 120 1 
20071214033951 783 1 
2008 285 2 671 2 488 1 1341 1 933 1 1015 1 1497 1 1126 1 595 1 1356 1 1311 1 752 1 703 1 1325 1 1014 1 1068 1 1174 1 1155 1 891 1 
20080106095702 1123 1 
20080110215133 414 1 
20080118133410 459 1 
20080122081621 42 1 
20080130140542 1355 1 
20080205073610 1131 1 
20080207093027 316 1 
20080218203218 327 1 
20080227174641 1495 1 
20080307024148 1100 1 
20080317120921 594 1 
20080331141851 1356 1 
20080402164131 1478 1 
20080410081244 626 1 
20080412172359 979 1 
20080413115048 233 1 
20080423102037 664 1 
20080503195427 1495 1 
20080504075743 834 1 
20080505033615 1259 1 
20080505052152 1080 1 
20080507010159 374 1 
20080513222152 546 1 
20080605181922 532 1 
20080610233349 438 1 
20080612173212 599 1 
20080625035909 1425 1 
20080628103442 462 1 
20080703201536 771 1 
20080703234346 373 1 
20080703235430 370 1 
20080704171611 811 1 
20080705045834 6 1 
20080705193541 1479 1 
20080813074351 367 1 
20080815095700 249 1 
20080821140152 374 1 
20080905094326 648 1 
20080911202916 594 1 
20080912111355 213 1 
20080916144455 870 1 
20080921071451 420 1 
20080924051328 1145 1 
20081016001809 333 1 
20081023075853 640 1 
20081024204846 1131 1 
20081026035549 371 1 
20081026124922 362 1 
20081029222026 913 1 
20081109070803 680 1 
20081109082452 1495 1 
20081118145531 562 1 
20081203171127 77 1 
20081209035540 836 1 
20081217025425 1117 1 
20081219112318 1117 1 
20081227230659 1155 1 
2009 64 4 680 2 963 2 86 1 1133 1 933 1 1023 1 687 1 66 1 327 1 1170 1 1031 1 204 1 1471 1 367 1 891 1 32 1 1051 1 395 1 29 1 
20090108200417 1425 1 
20090124051608 664 1 
20090201033456 1341 1 
20090207121434 507 1 
20090207221357 1275 1 
20090216151053 302 1 
20090302023256 1337 1 
20090317065420 790 1 
20090408071647 153 1 
20090413214509 1174 1 
20090414054427 134 1 
20090414203422 1259 1 
20090428163341 687 1 
20090429115235 1117 1 
20090430210935 983 1 
20090505073415 969 1 
20090507211758 367 1 
20090516183838 680 1 
20090528153908 953 1 
20090605010957 1174 1 
20090713051923 1463 1 
20090726182224 912 1 
20090730165808 1291 1 
20090804091256 1117 1 
20090813010408 1155 1 
20090817230359 891 1 
20090821230120 648 1 
20090828185553 976 1 
20090828223628 66 1 
20090908220407 1158 1 
20090913221449 500 1 
20090916112516 1025 1 
20091012094540 204 1 
20091025075400 1002 1 
20091026171012 29 1 
20091027051033 689 1 
20091027154219 1495 1 
20091125153936 56 1 
20091126203315 395 1 
20091204190502 1482 1 
20091219131236 976 1 
201 1018 1 
2010 1356 3 680 2 938 2 1458 2 1341 2 1443 2 367 2 86 1 461 1 921 1 1111 1 854 1 56 1 836 1 927 1 
20100113160458 963 1 
20100131003835 1216 1 
20100131071155 1125 1 
20100206035702 594 1 
20100216135921 1341 1 
20100226194447 1012 1 
20100308062529 433 1 
20100315153727 187 1 
20100322 1325 1 
20100323064035 329 1 
20100326080828 1078 1 
20100403064506 1471 1 
20100417162748 893 1 
20100509165911 594 1 
20100520212253 486 1 
20100520232632 1205 1 
20100531132144 1349 1 
20100612025545 664 1 
20100614085947 1341 1 
20100616073944 1471 1 
20100617221420 1478 1 
20100618165649 1507 1 
20100619012409 735 1 
20100626134909 609 1 
20100723153435 187 1 
20100807204647 220 1 221 1 
20100810134957 329 1 
20100812115521 127 1 
20100902041518 609 1 
20100908045735 1196 1 
20100915153509 374 1 
20100928051438 648 1 
20101102041258 1116 1 
20101126154132 969 1 
20101202045341 1443 1 
20101215024419 414 1 
20101220084913 1132 1 
20101227153900 812 1 
2011 374 3 1300 3 1126 2 804 1 394 1 1031 1 
20110203182757 1051 1 
20110208193548 366 1 
20110218052112 1227 1 
20110311221232 1034 1 
20110420215435 632 1 
20110507144824 594 1 
20110513133710 1215 1 
20110515102803 1283 1 
20110521023544 1239 1 
20110529085634 1495 1 
20110616062822 910 1 
20110624061513 1116 1 
20110708080729 1103 1 
20110709214322 963 1 
20110715114837 532 1 
20110716104615 48 1 
20110716112407 1332 1 
20110721060319 891 1 
20110722163557 1196 1 
20110725193049 983 1 
20110726212602 731 1 
20110821053921 1458 1 
20110826152434 1052 1 
20110826152945 1052 1 
20110826153244 1052 1 
20110826153701 1052 1 
20110921 1058 2 
20110923150637 1495 1 
20110925033308 1058 1 
20110926132902 1058 1 
20110929014221 1322 1 
20111105050545 285 1 
20111112093305 249 1 
20111118043051 1090 1 
20111120070558 1441 1 
20111126034119 764 1 
20111127044252 1311 1 
20111210195544 1307 1 
2012 1102 3 135 2 731 1 1030 1 394 1 687 1 1133 1 790 1 
20120104215904 1354 1 
20120115195721 1126 1 
20120119142614 154 1 
20120120125126 1079 1 
20120217114908 327 1 
20120227061852 518 1 
20120227232200 359 1 
20120304063040 1215 1 
20120312110327 1080 1 
20120313090329 1444 1 
20120328 1102 1 
20120419181733 348 1 
20120422005046 1463 1 
20120502102128 648 1 
20120507165453 632 1 
20120526073427 374 1 
20120602010751 359 1 
20120605103241 1340 1 
20120624221430 731 1 
20120708113524 285 1 
20120711082553 1463 1 
20120728045009 394 1 
20120802080919 999 1 
20120916115830 599 1 
20121028050618 901 1 
20121030062054 874 1 
20121104065109 1189 1 
20121107183419 254 1 
20121109012854 1507 1 
20121119111338 234 1 
20121120223537 731 1 
20121123231747 1290 1 
20121201104307 414 1 
20121209011537 640 1 
20121213064109 1283 1 
20121222153529 1495 1 
2013 940 4 1311 2 127 1 1126 1 985 1 1167 1 348 1 
20130118061503 932 1 
20130123174923 1021 1 
20130126024851 891 1 
201302 1167 1 
20130204023932 366 1 
20130205033747 311 1 
20130217175957 1269 1 
20130217215646 1269 1 
20130217221500 1269 1 
20130329041343 617 1 
20130414194957 433 1 
20130419130545 422 1 
20130511095345 366 1 
20130514045955 483 1 
20130516204859 1025 1 
20130521171833 999 1 
20130522234407 996 1 
20130524051637 985 1 
20130609233704 687 1 
20130622154147 1303 1 
20130623124904 395 1 
20130628033353 913 1 
20130707060850 749 1 
20130714135714 1449 1 
20130728123653 138 1 
20130812220445 1116 1 
20130817173907 735 1 
20130826202405 1441 1 
20130908092835 327 1 
20131102055511 648 1 
20131110111415 316 1 
20131111041123 790 1 
20131126220450 687 1 