cog 1144 1 
cognoscendi 599 1 
coh1bat 845 1 
cohor 845 1 
coigach 207 3 206 2 
coin 489 2 127 1 
coke 1497 2 
cola 794 1 
colaconvers 1497 1 
cold 1479 5 395 1 
coldest 963 1 
coll 135 1 
coll_histbseballs_tn 585 1 
collabor 1495 1 1458 1 
collaps 66 1 
collect 1090 7 1354 6 969 4 135 3 1442 3 1034 3 173 2 1471 2 972 2 26 2 120 2 709 2 1478 2 689 2 1154 1 933 1 642 1 1519 1 901 1 639 1 491 1 127 1 585 1 1158 1 329 1 1227 1 1183 1 600 1 990 1 293 1 940 1 636 1 983 1 136 1 974 1 204 1 1332 1 1021 1 999 1 1216 1 648 1 804 1 73 1 836 1 1030 1 320 1 360 1 
colleg 1170 1 99 1 1519 1 204 1 226 1 
collegesport 753 1 
collegi 921 1 
collnam 135 1 
coloni 1332 1 
colonnad 1018 2 
colorado 963 3 1425 2 374 1 366 1 362 1 373 1 367 1 370 1 333 1 360 1 371 1 
colt 36 1 
columbia 318 2 836 1 
column 685 2 374 1 
com 751 11 395 11 609 11 1322 11 285 10 327 9 1126 9 54 9 731 8 918 8 836 8 1031 7 1341 7 1495 7 1463 7 1478 7 26 7 187 7 48 6 976 6 1415 6 29 6 1183 6 901 6 86 6 1303 6 42 6 190 6 73 5 1214 5 1116 5 282 5 1339 5 213 5 1102 5 1215 5 580 5 891 5 674 5 1123 5 1125 5 127 5 394 5 1 5 138 5 783 5 606 4 311 4 797 4 550 4 489 4 1136 4 594 4 500 4 1185 4 648 4 66 4 342 4 790 4 703 4 938 4 329 4 680 4 591 4 804 4 195 4 671 4 802 4 1023 4 1133 4 709 4 735 4 1002 4 120 4 792 4 1196 4 92 4 592 4 585 4 348 4 590 4 1018 4 1079 3 433 3 1458 3 134 3 1209 3 1067 3 55 3 893 3 626 3 662 3 1513 3 507 3 932 3 557 3 1205 3 1291 3 1216 3 6 3 461 3 1444 3 368 3 99 3 486 3 749 3 1497 3 1131 3 689 3 1356 3 1307 3 704 3 834 3 1201 3 56 3 491 3 1167 3 309 3 212 3 687 3 370 3 1058 3 1275 3 1311 3 913 3 1103 3 916 3 912 3 1012 3 1132 3 915 3 1154 2 850 2 312 2 1078 2 374 2 600 2 1021 2 1420 2 999 2 764 2 599 2 129 2 979 2 728 2 249 2 1263 2 1080 2 577 2 1034 2 501 2 1507 2 863 2 1227 2 176 2 1014 2 1015 2 1085 2 870 2 554 2 103 2 890 2 935 2 365 2 940 2 1355 2 1145 2 1259 2 217 2 254 2 100 2 1011 2 359 2 990 2 996 2 532 2 631 2 814 2 1449 2 906 2 438 2 1283 2 1237 2 1030 2 299 2 565 2 509 2 207 2 939 2 1144 2 977 2 765 2 1161 2 183 2 688 2 1344 2 586 2 767 2 1519 2 1349 2 972 2 373 2 589 2 97 2 1003 2 974 2 226 2 1340 2 691 1 96 1 1274 1 133 1 546 1 692 1 318 1 1081 1 921 1 963 1 136 1 894 1 352 1 826 1 1090 1 716 1 953 1 1282 1 1142 1 846 1 154 1 562 1 779 1 1337 1 781 1 1325 1 888 1 852 1 224 1 544 1 1111 1 1455 1 715 1 539 1 519 1 1277 1 646 1 1025 1 1174 1 874 1 570 1 718 1 753 1 627 1 640 1 1001 1 89 1 1223 1 1517 1 524 1 1155 1 366 1 518 1 1300 1 619 1 1019 1 1268 1 1302 1 782 1 818 1 684 1 549 1 1332 1 1121 1 598 1 221 1 159 1 1189 1 314 1 316 1 349 1 362 1 367 1 392 1 1348 1 1100 1 513 1 1056 1 817 1 536 1 871 1 729 1 393 1 131 1 1115 1 1068 1 723 1 1284 1 1109 1 812 1 771 1 173 1 1479 1 553 1 204 1 647 1 206 1 1504 1 333 1 1147 1 1442 1 322 1 1441 1 910 1 1426 1 854 1 1046 1 302 1 1007 1 927 1 153 1 255 1 1165 1 330 1 595 1 983 1 1294 1 1156 1 4 1 1232 1 62 1 1186 1 643 1 297 1 699 1 925 1 1051 1 67 1 1128 1 319 1 956 1 857 1 1097 1 815 1 516 1 1029 1 
com_unalaska 99 1 
combat 1023 1 
combating_bioterror 910 1 
combin 1513 7 1086 1 
combinator 1513 2 
combinedfleet 689 1 
comdesc 1487 1 
come 299 1 
comedi 680 2 1420 1 
comedian 680 1 
comet 1002 2 
comevisitalexandriala 138 1 
comhem 762 1 
comic 1133 6 1136 2 42 1 
comlaw 135 1 
commemor 1341 1 1023 1 
comment 501 1 1517 1 
commentari 894 2 906 1 688 1 1517 1 491 1 546 1 
commerc 137 1 368 1 
commiss 373 1 285 1 976 1 220 1 221 1 
commod 403 2 466 2 312 1 520 1 
common 1292 4 1283 1 1513 1 781 1 1487 1 367 1 1025 1 648 1 
commonwealth 36 2 1214 1 
commune 1144 1 
communic 1300 2 467 2 311 1 421 1 999 1 392 1 
communism 1479 1 
communist 836 1 1479 1 
communiti 397 3 818 2 99 1 1513 1 138 1 977 1 212 1 233 1 1282 1 901 1 
community_memori 609 1 
comp 1282 1 999 1 
compadr 648 1 
compani 999 7 187 3 764 1 1517 1 735 1 1263 1 
companion 1126 1 
compar 438 1 731 1 40 1 1444 1 1226 1 
comparison 689 2 40 2 826 1 92 1 1126 1 891 1 
compens 1282 1 
compet 544 1 
competit 1126 5 918 1 
compid 636 2 1104 1 
compil 709 1 731 1 914 1 
complet 1322 2 1289 1 327 1 1226 1 570 1 1018 1 1034 1 648 1 
completed_essay 329 1 
completion_lg 855 1 
complex 671 1 
complèt 699 1 
composit 348 1 1196 1 
composition_id 348 1 
compound 306 2 
compoundobject 1030 1 
compprog 1513 1 
comprehens 1444 1 731 1 790 1 
compressed_0 1292 1 
comput 999 6 54 5 680 3 1458 3 939 1 1126 1 577 1 632 1 1456 1 302 1 1301 1 1186 1 1300 1 32 1 891 1 
computerhistori 632 1 
computerworld 1014 1 
con 349 1 664 1 
concept 671 2 1183 1 
concern 62 1 693 1 1196 1 
concert 351 1 
concertbegouw 348 1 
concord 699 1 
concret 92 1 
cond 917 1 
condens 963 12 
condor 329 2 
conduct 348 3 
cone 152 1 
conf 811 2 
confeder 626 2 847 1 811 1 1215 1 
confederategener 1215 1 
confer 999 2 36 1 1126 1 963 1 66 1 632 1 
confirm 1031 1 
conflict 395 2 
confoederatio 811 1 
congreg 811 2 
congress 648 2 249 1 585 1 1425 1 195 1 647 1 811 1 642 1 
conintro 1517 1 
conjug 953 2 1495 1 
conn 689 1 
connect 285 1 933 1 
conserv 366 2 914 2 36 1 1003 1 329 1 
conservat 600 1 
consid 183 1 
consider 1018 1 
consideration 1018 1 
consol 1517 3 54 2 
consolatio 1517 2 
consorci 1495 1 
conspiraci 985 5 
constitu 526 1 
constitut 1482 11 
constituteproject 1482 1 
constraint 1126 1 
construct 92 1 73 1 963 1 
consul 1449 1 
consult 1495 1 
consum 1117 1 
cont 235 1 
contact 212 1 26 1 
contain 544 2 906 1 977 1 1030 1 1079 1 999 1 1025 1 153 1 
contemporari 1349 1 1237 1 
content 73 3 599 2 1126 1 600 1 781 1 1463 1 394 1 1196 1 125 1 1086 1 1012 1 1356 1 159 1 752 1 585 1 42 1 1322 1 366 1 932 1 963 1 
content_typ 120 1 
contentdm 1090 2 1030 1 933 1 
contentid 783 1 
contentmdk 405 1 
context 438 1 671 1 
continent 609 1 1185 1 1001 1 
continu 1068 2 249 1 234 1 
contrabassoon 790 2 
contrabassoonist 790 1 
contract 654 1 
contributor 1517 1 
control 910 1 
controlcard 26 1 
controversi 536 2 282 2 781 1 
conundrum 1155 1 
convent 664 8 1303 4 173 1 
converg 159 3 144 1 
convergenceofarithmeticgeometricmean 144 1 
convers 302 1 580 1 1517 1 
convert 565 2 703 2 1504 2 1126 2 195 1 
conway 751 1 
conway_not 751 1 
cook 348 1 974 1 
cooper 395 2 918 1 438 1 1517 1 
cooperação 438 1 
coordin 664 1 
copi 40 2 309 1 
copyid 40 1 
corbett 1115 1 
core 1126 1 999 1 
corey 352 1 
corfu 1283 1 
cormand 1025 3 
cornel 329 2 80 2 1117 2 195 1 963 1 
cornwal 1222 1 901 1 
corpor 999 10 1196 3 135 3 674 2 100 2 285 1 99 1 
corpshistori 1479 1 
corpus 1025 3 
correct 348 1 1356 1 
correl16 917 1 
correspond 1471 1 699 1 327 1 1415 1 
corridor 316 1 
corrupt 370 4 433 1 
corsi 526 1 
cosmolog 728 1 
cosmos 963 1 
cosmosmagazin 963 1 
cossack 1311 1 
couch 1034 1 
could 910 2 329 1 
coulthart 1275 1 
council 397 2 249 1 285 1 116 1 1021 1 1144 1 1221 1 1307 1 728 1 1352 1 1214 1 
count 699 1 1332 1 1103 1 
countess 1227 1 
counti 285 2 1111 1 1420 1 173 1 
countr 360 1 
countri 1478 9 374 5 1425 3 367 3 1445 3 394 2 395 2 366 2 408 1 370 1 362 1 365 1 397 1 779 1 1205 1 1449 1 1482 1 127 1 405 1 1441 1 360 1 504 1 371 1 544 1 
country_profil 367 1 366 1 360 1 
countrymusichalloffam 1205 1 1478 1 
countryprofil 365 1 367 1 1445 1 374 1 
countrysid 1222 1 1356 1 
countrystudi 976 1 
cours 977 1 1068 1 749 1 1025 1 195 1 910 1 187 1 
court 1031 2 80 2 1117 2 1155 1 
coven 1161 1 
cover 1185 1 1478 1 996 1 
coverag 1341 2 641 1 
coxet 55 1 
cp119 395 1 
cpcwiki 688 1 
cphcl 204 1 
cpnl 1495 1 
cpo 1444 1 
cpu 120 4 
cpus 120 1 
crack 680 2 
crane 767 1 
crapshoot 1012 1 
crat_lane_atlarg 204 1 
crawlid 299 1 
creat 1183 1 
creativ 716 1 921 1 
creativeloaf 1012 1 
creator 1471 1 1517 1 89 1 
creatur 1156 1 
crew 1023 2 
cricket 888 1 
crillab 1126 1 
crime 213 2 
crimea_black_sea_coast 316 1 
crimean 316 1 
crimean_peninsula 316 1 
cring 632 1 
crisi 1145 5 
cristianoriformisti 234 1 
criterion 804 2 
critic 797 1 940 1 96 1 
critica 1471 1 
croplif 983 1 
cropthorn 92 1 
cropthornehous 92 1 
crosbi 662 4 
cross 901 2 
crossref 1300 1 
crossriverforum 1155 1 
cruiser 1023 1 
crumley 990 2 
crypto 1046 1 
cryptominisat 1126 2 
cryptominisat2 1126 1 
crystal 1081 1 
crystallin 4 1 
cs 1126 2 1504 1 999 1 1425 1 1046 1 687 1 910 1 187 1 29 1 
cs1064 910 1 
csa 397 2 
csail 1103 1 
csam 1141 1 
csamaudioarchive_brownie_mcghe 1141 1 
csbsju 699 1 
csd 249 1 
csem 312 1 
cside 1504 1 
csrc 891 1 
cst01 1443 1 
csufresno 1034 1 
csulb 195 1 
csw08 891 2 
ctgi 86 1 
cth11_doc_1926 1193 1 
cthome 249 1 
ctitl 360 1 
cua 963 1 
cube 1126 1 
cudl 1227 1 
cuir 890 1 
cultur 175 1 1019 1 523 1 1174 1 671 1 1495 1 66 1 627 1 1356 1 433 1 213 1 501 1 836 1 299 1 
cultura 175 2 
cuneiform 1174 1 
cuni 285 1 
cup 802 1 73 1 433 1 
curandi 599 1 
curat 983 1 1103 1 
currenc 66 1 
current 594 1 804 1 1185 1 1307 1 1136 1 544 1 
curriculum 914 2 
curtal 790 1 
curtalbook 790 1 
curtipot_ 249 1 
curv 249 1 
curva 190 1 
custom 1116 1 585 1 
cut 718 2 
cutaway 1154 2 
cv 1283 1 
cvce 1479 10 
cwru 1507 1 
cy 586 2 990 1 
cyc 29 1 
cycl 639 2 
cycleback 585 2 
cyhom 990 1 
cypher 1477 1 
cz 874 2 1126 1 857 1 
czech 874 4 
czechia 874 1 
czyli 1274 1 
côte 403 1 466 1 
d0 461 2 
d01c006d 1479 1 
d05 790 1 
d0c4f6243857204b94fcdebc6dce5d8b2 329 1 
d127198030ab 1479 1 
d137 1519 1 
d2 461 1 
d201803317243074847444 461 1 
d28 790 1 
d382469d25f 1310 1 
d4d4da1434d 1479 1 
d65e237cd65 1031 1 
d825 999 1 
d95dc91b 1479 1 
d97r6 1154 1 
da 532 1 731 1 
dacco 1495 1 
dad 1103 2 826 1 
dagorhir 890 1 
daili 804 1 912 1 1223 1 138 1 66 1 1259 1 
dailymail 1349 1 
dailyscript 804 1 
dailysoft 491 1 
dam 36 1 
danc 1158 3 917 1 
danish 532 1 
dansk 532 4 
danub 461 1 
darci 36 1 
dartmouth 99 2 
darya 125 2 
das 438 2 
dashwood 648 1 
data 1103 4 1018 2 1513 2 826 1 1291 1 403 1 1519 1 306 1 976 1 749 1 477 1 836 1 420 1 466 1 857 1 
databas 1125 5 999 2 329 2 983 2 97 1 127 1 176 1 1519 1 1123 1 1117 1 1018 1 204 1 1034 1 594 1 797 1 526 1 811 1 320 1 77 1 1482 1 
databasec 1441 1 
dataset 1461 1 
date 367 4 183 2 1223 1 1167 1 976 1 1478 1 1001 1 536 1 1519 1 910 1 1513 1 
dave 365 1 486 1 
davi 779 1 1011 1 874 1 
david 1012 2 1275 2 249 1 906 1 580 1 1282 1 1156 1 1103 1 
daviddfriedman 890 1 
davidfulm 1012 2 
davidharvey 1301 1 
davidwil 1275 1 
day 617 1 1275 1 1341 1 1109 1 
daytim 133 1 
daz 1479 1 
db 1125 7 891 1 
dba 767 1 
dbix 329 1 
dbix_10 329 1 
dbrows 329 1 
dc 1136 2 
dcbprais 1012 1 
dccomic 1136 2 
dcuam 1136 1 
dcvb 1495 1 
dd 1227 1 1283 1 
ddj 687 1 
ddns 1519 1 
de 1495 9 1471 5 327 4 797 4 266 4 523 3 120 3 526 3 933 2 1519 2 1025 2 348 2 790 2 295 2 524 2 73 2 1154 1 1283 1 233 1 66 1 731 1 972 1 1079 1 1097 1 1116 1 847 1 595 1 1227 1 887 1 1123 1 438 1 699 1 351 1 1156 1 293 1 467 1 55 1 144 1 1021 1 1420 1 1158 1 507 1 781 1 1018 1 917 1 599 1 1012 1 320 1 1029 1 
de306 1519 1 
de_palma 797 1 
dead 367 4 183 2 1031 1 1167 1 976 1 1478 1 1001 1 910 1 1513 1 
deal 1126 1 66 1 187 1 
death 982 1 
debat 1341 2 925 1 
debian 595 2 
debugg 709 1 
debunk 96 1 
dec 626 1 
decad 1341 1 
decagonal_dipyramid 751 1 
decay 1083 1 
decemb 195 4 367 2 598 1 285 1 297 1 405 1 648 1 
decim 565 2 1504 1 
decis 685 2 80 1 1155 1 1332 1 
declar 1193 1 
declin 249 1 764 1 1086 1 
dedic 329 1 
deegan 327 1 
deepest 1325 1 
deesid 1078 1 
default 1341 2 1340 1 489 1 836 1 1495 1 969 1 910 1 1090 1 
default_en 483 1 
defenc 437 1 462 1 394 1 
defens 414 1 1291 1 735 1 
defesa 437 1 
defiant_modern 1154 1 
deficit 1189 3 
definit 282 2 1495 1 1015 1 29 1 
defra 594 1 
del 348 1 999 1 
deleuz 327 1 
della 190 1 
delta 293 1 
deltabluesmuseum 293 1 
delux 1136 1 
demet 1201 1 
demo 935 2 1025 1 
demo23a 1443 1 
democraci 1341 1 56 1 
democracynow 1341 1 56 1 
demokrati 526 2 
demonstr 212 1 935 1 327 1 
demonstrata 327 1 
den 1215 1 917 1 
dendermond 811 1 
deni 86 1 
denij 1001 1 
deniskitchen 86 1 
denni 687 1 688 1 
dent 1517 1 
depalma 797 2 
depart 173 2 1471 2 312 1 416 1 1445 1 1067 1 648 1 1111 1 64 1 366 1 1433 1 1332 1 
department 910 1 
depict 977 2 1189 1 999 1 1332 1 
depress 1170 2 
dept 716 1 600 1 422 1 468 1 367 1 925 1 
depth 1133 2 249 1 1065 1 1201 1 641 1 
derekwtpg 73 1 
deremilitari 1326 1 
derffling 1023 1 
deriv 1226 1 
derri 1341 1 
des 847 1 467 1 
desc 6 1 
descent 687 2 1487 1 
describ 999 1 29 1 
descript 976 1 489 1 73 1 1174 1 42 1 1239 1 120 1 1215 1 729 1 932 1 1154 1 
desert 598 1 1185 1 1356 1 
desertwar 598 2 
deserv 86 2 
desiblock 500 1 
design 1275 3 178 2 177 2 92 2 1068 2 767 1 1216 1 689 1 1282 1 1183 1 1052 1 1294 1 
desir 539 1 
despatch 1023 2 
destin 680 1 874 1 1307 1 368 1 
destraprotagonista 234 1 
destrasocial 234 1 
destroy 89 1 
detail 351 2 348 2 723 2 1141 1 282 1 327 1 349 1 526 1 731 1 1513 1 136 1 1332 1 127 1 1291 1 134 1 1012 1 135 1 648 1 374 1 580 1 599 1 959 1 836 1 77 1 891 1 
deutsch 532 4 1479 1 507 1 
deutschegrammophon 507 1 
devel 595 1 
develop 999 2 374 2 362 2 367 2 285 1 486 1 1291 1 689 1 709 1 1126 1 910 1 688 1 632 1 371 1 1 1 73 1 366 1 89 1 360 1 891 1 
developerid 89 1 
development_of_electrical_record 486 1 
devil 1215 1 
devon 901 1 
df 1153 2 
dgkeysearchresult 647 1 
dh 1154 1 
dhammika 319 1 
dhi 933 2 1482 2 
di 627 1 1420 1 395 1 
dia 731 1 
diabolus 1001 1 
diageo 1263 2 
diagram 1052 4 647 2 
dialect 1495 1 
dialogu 395 4 438 1 
diari 913 1 1023 1 
dicc 187 1 
diccionari 1495 6 
dice 1513 3 
dict 749 3 1458 1 
dictabelt 1325 2 
dictatorship 365 2 
dictionari 749 9 1458 8 1495 5 1025 3 792 2 1079 2 1103 2 977 2 1123 1 67 1 826 1 933 1 1116 1 1349 1 1456 1 731 1 1482 1 
dictlist1 749 1 
didpfdsijsessionid 664 1 
die 1012 1 932 1 1325 1 
differ 1126 1 1214 1 1183 1 1294 1 29 1 
digbi 254 1 
digest 395 8 394 2 318 1 
digit 1444 3 1471 3 351 2 969 2 320 2 1237 1 1015 1 687 1 1090 1 249 1 302 1 1111 1 1021 1 173 1 299 1 1332 1 693 1 1227 1 1354 1 647 1 1433 1 32 1 
digitalcollect 689 1 1471 1 
digitalgalleri 647 1 
digitalnc 990 2 
digiulian 217 1 
dijk 187 1 
dilc 1495 1 
dill 1001 1 
dilut 963 1 
dimac 1126 8 
dimension 55 1 
dinariraqi 976 1 
dinur 1283 1 
dio 1327 1 
dioces 874 1 
diplomaci 395 2 
diplomat 648 1 
dir 749 2 1100 1 917 1 
direct 309 2 136 1 73 1 187 1 134 1 
director 1196 6 797 3 728 1 999 1 
directori 367 1 938 1 371 1 138 1 
directorship 1196 1 
direkt 526 1 
disc 598 1 1356 1 
discipl 1471 1 
disciples05 319 1 
discographi 887 1 293 1 1029 1 1012 1 
discov 395 2 963 1 351 1 173 1 891 1 
discoveri 974 2 1031 1 913 1 486 1 
discoveringmus 351 1 
discoverlif 1086 1 
discoverroyaldeesid 1078 1 
discret 1068 3 
discuss 999 4 66 2 935 1 488 1 282 1 874 1 1339 1 699 1 62 1 797 1 486 1 599 1 1226 1 1215 1 1294 1 
diseas 594 4 910 1 599 1 
disease_id 594 1 
disease_outbreak_map 594 1 
disemala 594 1 
disk 1103 1 
dispatch 976 1 
display 912 1 120 1 1291 1 518 1 1311 1 632 1 1325 1 
displaypag 894 1 
disra 600 6 
dissemin 55 1 
dissert 1471 1 
distilleri 1268 1 
distinct 1226 1 
distincta 327 1 
distribut 526 1 977 1 688 1 1147 1 
district 1153 1 1307 1 66 1 
dive 1325 3 
diver 1325 2 
divers 977 2 
divid 1479 1 
divis 1479 3 591 1 590 1 641 1 1425 1 647 1 
diy_anemomet 73 1 
dizik 671 1 
dj 1478 1 
djpg 1519 1 
djvu 959 1 
dk 532 5 1426 1 598 1 1046 1 
dkml 461 1 
dl 1513 1 32 1 
dl1glh 73 1 
dlba 1519 1 
dlc 1495 1 
dldisplay 327 1 
dlg 173 1 
dlib 348 1 
dll 282 1 1463 1 
dls 299 1 
dmr 688 2 
dmu 1282 1 
dna 977 1 651 1 
dnalc 977 1 
dns 397 2 
do_you_know 718 1 
doc 195 3 183 2 1116 2 891 2 36 1 781 1 687 1 910 1 693 1 1125 1 836 1 539 1 1052 1 
doc_numb 136 1 
docent 249 1 
docid 299 1 1349 1 327 1 
docket 1155 1 
docrep 983 1 
docsouth 297 2 
doctor 226 2 1018 2 
doctyp 299 1 
document 626 2 1125 1 643 1 1519 1 1479 1 1495 1 1023 1 729 1 
documentari 836 3 89 2 1031 1 804 1 297 1 671 1 1012 1 348 1 293 1 648 1 249 1 1275 1 790 1 
documentd 1479 1 
documentdisplay 299 1 
documentid 1479 1 
dodliv 1291 1 
dog 932 2 
dogood 648 2 
dogpatch 86 4 
doi 249 1 1300 1 974 1 
dol 925 1 
dolan 977 1 
doleczek 709 1 
doll 176 5 
dollar 1189 3 
dollarsandsens 1189 1 
dolls_summari 176 1 
domagoj 1126 3 
domain 397 1 311 1 478 1 467 1 500 1 
domest 577 1 
donald 195 2 
donaldjtrump 195 1 
donat 1356 1 
done 680 1 
dongabor2 1001 1 
dont 1186 2 
doppler 73 1 
dos 731 1 
dose 1239 2 
dosechart 1239 1 
doskey 55 1 
dot 36 1 320 1 54 1 1067 1 
douay 894 1 
doubl 790 2 
doubledepalma 797 1 
doug 932 1 
dougengelbart 792 1 
doughti 999 2 
dougla 204 1 
dovzhenko 1311 1 
download 1125 3 1025 2 906 1 176 1 662 1 1068 1 526 1 1126 1 
download_fil 915 1 
downloadableasset 120 1 
dp 751 1 
dp4 751 1 
dpdirect 2 1 
dpic 1519 1 
dpub 55 1 
dq 86 1 
dr 1103 1 1011 1 664 1 609 1 1015 1 1311 1 327 1 648 1 
draemm 1259 1 
draft 1479 1 
dravidian 1123 1 
draw 1154 1 
drbenjamindsant 1300 1 
drbo 894 2 
dream 1030 2 395 2 1185 1 963 1 
dregion 329 1 
drink 1298 1 1497 1 
driven 1086 1 
drmath 1513 1 
drop 632 2 
dropbox 1513 1 
droppingknowledg 632 1 
drrichardwild 1015 1 
drug 1170 2 2 1 
drugabus 1170 1 
druginfo 2 1 
drugport 2 1 
drv 1123 1 
dscnt 327 1 
dsimpl 329 1 
dssr 414 2 
dteshowd 790 1 
dtfzkuxyzoq 836 1 
dtic 518 1 
dtompkin 1126 2 
dtu 1046 1 
du 374 1 466 1 478 1 362 1 367 1 403 1 366 1 371 1 360 1 
dual 66 2 187 2 749 1 
dudka 1126 1 
due 205 1 
dugan 36 1 
dulcian 790 1 
dummipedia 507 1 
duo 367 1 
durabl 1294 1 
durham 1356 1 
durham21 1356 1 
duron 120 2 
durrani 127 5 
dusrm 178 1 177 1 
dutch 397 1 
dutf8 461 1 
duti 1196 3 
dv1 933 1 1482 1 
dvd 680 1 1463 1 
dvdjournal 1463 1 
dvo 1495 1 
dw 195 1 
dwerden 1282 1 
dylan 309 2 
dyn 783 1 
dynasti 1256 1 
dáil 1341 1 
düsseldorf 1471 2 
e 204 5 392 2 917 2 1327 1 1479 1 999 1 1196 1 664 1 1018 1 319 1 56 1 6 1 647 1 629 1 894 1 
e17 1078 1 
e1e39abe9476 1479 1 
e2 299 1 395 1 617 1 
e261845 1332 1 
e79d202f 893 1 
eabh 629 1 
ead 154 1 648 1 
eagl 915 6 
eagle12 915 1 
earli 585 3 1158 2 846 1 643 1 999 1 1116 1 351 1 797 1 693 1 1018 1 159 1 762 1 963 1 1322 1 1282 1 1183 1 932 1 
earlier 1126 2 
earliest 619 1 
earlval 1282 1 
earlymoderntext 327 1 
earnest 735 1 
earth 901 4 1185 2 
earthl 1186 1 
earthlingnatur 1186 1 
earththeori 1471 1 
easi 728 1 120 1 963 1 
easili 327 1 
east 395 2 285 1 
eastern 249 1 
easycatalan 1495 1 
easymath 1513 1 
eater 1030 2 54 1 
eb 1507 1 
ebba 1034 2 
ebc 1479 1 
ebcheck 1123 1 846 1 1455 1 
ebert 282 1 1463 1 
ebola 910 2 
ebook 1517 1 642 1 
ebsa 925 1 
ebu 918 1 
eburi 636 1 
ec 1495 1 1479 1 
ece 1051 1 
ece452 1068 1 
ecolex 664 3 
ecolog 1185 1 914 1 
econ_15 36 1 
econom 983 5 36 2 285 1 641 1 405 1 1519 1 187 1 
economi 36 1 1441 1 
ecosystem 36 1 983 1 
ecsl 985 1 
ed 999 1 1507 1 1201 1 871 1 327 1 648 1 
edboyden 348 1 
eddi 1303 1 
eden 48 1 
edinburgh 850 1 
edit 648 4 1292 3 1471 3 1283 2 1136 2 348 1 1237 1 1156 1 1517 1 351 1 66 1 632 1 1103 1 783 1 580 1 327 1 1495 1 
editori 939 1 
edoc 36 3 
edu 999 9 963 7 731 6 648 6 329 5 1090 5 1354 5 367 4 977 3 1282 3 1126 3 687 3 1471 3 366 3 297 3 1018 3 1034 3 1507 3 360 3 1117 2 362 2 1327 2 699 2 1425 2 1021 2 1068 2 1482 2 374 2 917 2 1186 2 1226 2 195 2 1433 2 371 2 716 2 1269 2 1103 2 282 2 348 2 99 2 1478 2 836 2 80 1 632 1 855 1 1025 1 933 1 1174 1 969 1 204 1 1227 1 797 1 1307 1 1463 1 692 1 845 1 1123 1 600 1 1086 1 88 1 134 1 1517 1 1196 1 1069 1 173 1 906 1 689 1 976 1 320 1 32 1 1141 1 671 1 190 1 370 1 56 1 285 1 62 1 1300 1 890 1 1128 1 373 1 580 1 1023 1 26 1 1301 1 935 1 333 1 1237 1 791 1 299 1 1201 1 974 1 1332 1 794 1 910 1 1052 1 534 1 1325 1 1232 1 915 1 100 1 
educ 293 2 249 1 716 1 312 1 983 1 836 1 255 1 648 1 
education_outreach 249 1 
edward 671 1 
ee 1433 1 
effect 671 3 1239 1 910 1 
effendi 90 1 
effici 395 1 
effort 433 1 
egidi 1023 1 
ehret 731 2 
eht 910 1 
ehu 504 2 
ei 504 1 
ei_pasternak 1097 1 
eichah 906 3 
eieol 794 1 
eight 914 1 
einstein 963 12 935 3 
einstein_arch 963 1 
einsteinbm 935 1 
ejud_0002_0003_0_03147 1283 1 
eknuth 699 1 
ekonomija 414 1 
eku 329 1 
elbcao 1186 1 
ele004 312 1 
elect 526 2 641 2 
elector 66 1 
electr 648 2 1459 1 486 1 
electrochem 1507 2 
electromagnet 329 1 
electron 1025 2 1459 1 1433 1 467 1 1495 1 
electrostat 648 1 
elektrolux 265 1 
element 518 3 1513 1 599 1 312 1 1507 1 
elementa 599 2 
elementari 55 1 
elementymolog 518 1 
eleph 1444 1 
elev 1104 1 
eli 933 1 
elib 580 1 
eliot 327 1 
elit 1031 2 
elizabeth 699 1 
ellopo 489 2 
elmhirst 1356 1 
elpenor 489 2 
elsevi 4 2 
em 1081 1 
ema 723 1 
email 66 1 
embassi 1449 2 424 1 
embed 55 1 
emedicin 1147 1 
emerg 1147 1 366 1 910 1 632 1 
emerson 54 2 
emlo 699 3 
emmeram 1519 1 
emperor 1519 1 
emphasi 983 1 
empir 489 2 1433 2 66 2 127 1 812 1 
employ 397 1 
employe 999 1 
en 1495 5 1479 5 266 5 1142 4 432 4 365 4 1458 4 749 3 359 3 461 3 327 2 414 2 1471 2 392 2 1449 2 462 2 483 2 918 2 90 2 1445 2 1441 2 937 2 320 2 314 1 1144 1 1079 1 190 1 66 1 1289 1 731 1 459 1 674 1 1147 1 1311 1 594 1 1025 1 938 1 1158 1 874 1 204 1 1125 1 1287 1 438 1 154 1 489 1 664 1 1301 1 834 1 398 1 1442 1 1 1 1090 1 1268 1 790 1 1332 1 295 1 366 1 1174 1 333 1 910 1 606 1 1034 1 617 1 703 1 1111 1 940 1 532 1 1259 1 
en_ca 365 1 
en_gb 1051 1 
en_pr_konst 1482 1 
en_us 703 2 
enabl 983 1 1014 1 
enap 1444 1 
encarta 66 3 
enciclopedia 1495 1 
enciclopèdia 1495 3 
enclosur 913 1 
encod 1504 3 
encrypt 999 1 
encyc 703 1 
encycl 1507 1 
encyclop 66 1 
encyclopaedia 818 1 
encyclopedia 327 3 1144 2 299 2 859 1 1012 1 751 1 913 1 173 1 62 1 55 1 718 1 1226 1 1161 1 1311 1 852 1 
encyclopedia_761579967_1____7 66 2 
encyclopediaofmath 859 2 
encyclopediaofukrain 1311 1 
encyclopædia 609 1 814 1 1215 1 846 1 1455 1 
end 685 2 1025 2 802 1 92 1 854 1 1226 1 546 1 
endang 329 1 
enemi 195 7 
energi 640 1 36 1 1300 1 783 1 
eng 1443 3 918 2 316 1 410 1 836 1 1495 1 1445 1 642 1 938 1 1332 1 
engag 395 2 
engelbart 792 1 
engin 1479 2 1459 1 1167 1 1068 1 526 1 320 1 891 1 
england 1292 2 1283 1 599 1 671 1 1298 1 1214 1 
english 1495 7 1058 5 532 5 1034 4 749 3 327 3 594 3 1079 3 933 2 1341 2 1174 2 906 2 314 1 1275 1 639 1 1449 1 1025 1 1458 1 609 1 1023 1 461 1 1356 1 546 1 359 1 1156 1 811 1 438 1 699 1 1269 1 1237 1 664 1 348 1 836 1 1030 1 1001 1 894 1 1482 1 1097 1 977 1 1517 1 1441 1 648 1 617 1 599 1 504 1 
enigma 680 4 
enjamesfbyrn 1479 1 
enjoy 1259 1 
enneagonal_dipyramid 751 1 
enroom 969 1 
ent3c 1186 1 
entertain 1463 1 
entir 906 1 999 1 546 1 
ento3 1471 1 
entri 54 4 1025 2 792 2 18 2 985 2 127 1 688 1 129 1 173 1 1103 1 797 1 1226 1 1161 1 299 1 619 1 
enviroliteraci 249 1 
environ 249 2 212 1 709 1 999 1 
environment 249 2 1239 2 664 2 1300 1 285 1 312 1 723 1 316 1 
envis 976 1 
eo 1117 1 
epa 205 2 1239 1 
ephemera 641 1 
episcop 1292 2 
episcopalchurch 1292 1 
episod 311 2 282 2 1031 1 662 1 1349 1 1183 1 
episodeworld 342 2 
eprint 1269 2 
epsilon 32 1 
equip 462 1 
equival 1068 1 
era 327 1 
eran 136 1 
eric 985 1 1186 1 
ericson 1282 1 
eritrea 1332 1 
errata 1356 1 
es 1495 3 599 2 504 1 781 1 1144 1 
es0626133 249 1 
es063000t 1300 1 
escamoth 327 1 
eschenbach 348 1 
esd 891 2 
esi 1300 1 
esmark 1357 1 
eso 132 1 
eso1726 132 1 
esperanto 1495 1 
espi 312 2 
espn 932 3 190 2 870 2 
esr 985 4 688 1 
esrl 249 1 
essay 804 2 329 2 297 2 1011 2 1463 1 783 1 1479 1 433 1 546 1 
essenc 977 2 
essenti 299 1 
establish 299 1 1154 1 
estat 26 1 
estim 1443 1 
estorné 1144 1 
estudi 1495 2 
et 249 1 699 1 599 1 990 1 894 1 327 1 
et0401 894 1 
etatscanadien 1444 1 
etc 1196 1 591 1 590 1 891 1 
etext 1482 1 408 1 1517 1 933 1 648 1 
ethic 327 3 1455 1 
ethica 327 1 
ethicadb 327 2 
ethiopia 1332 1 
ethnic 976 1 
eticket 932 1 
etv 311 1 
etymo 1079 1 
etymolog 1116 4 
etymologist 1067 1 
eu 395 7 1479 5 910 3 348 2 1125 2 688 1 664 1 1441 1 526 1 811 1 1282 1 1482 1 
euchner 592 1 
euclid 55 1 
eufor 414 1 
euforbih 414 1 
eur 664 1 
eurasian 395 2 
euroairport 1259 2 
eurobasket 609 2 
eurodict 749 1 
europ 395 6 1441 5 1479 4 66 3 370 2 365 2 680 1 1519 1 999 1 1325 1 1201 1 626 1 932 1 
europa 664 1 348 1 910 1 395 1 
european 395 3 466 1 1196 1 664 1 403 1 1441 1 414 1 914 1 918 1 913 1 629 1 187 1 1482 1 
europemap 1441 1 
eus 504 2 395 1 
euskadi 1090 1 
euskara 504 1 
euskomedia 1144 3 
ev6 120 1 
evalu 1126 2 249 1 
evapor 212 1 
even 631 1 
event 1341 4 632 2 1283 1 1269 1 1215 1 1158 1 1356 1 917 1 1052 1 932 1 
ever 204 2 500 1 132 1 932 1 
everett 974 1 
everyday 285 1 
everyth 213 1 1356 1 
everywher 1507 1 
evid 1487 1 752 1 791 1 
evolut 791 1 
ewi 1126 1 
ewroblew 1482 1 
ewtn 1018 2 
ex 609 1 1517 1 632 1 
ex_order_9066 195 1 
exampl 1283 1 699 1 1126 1 857 1 751 1 
excerpt 1479 1 632 1 557 1 
exclass 1517 1 
exclus 1303 1 
exclusionkcblackwood 1303 1 
excommun 327 1 
exe 1495 1 
exec 1519 1 
execut 56 2 461 2 195 1 664 1 1117 1 1196 1 
exemplar 1237 1 
exercis 394 1 
exhibit 1001 2 1069 1 600 1 1030 1 933 1 990 1 1154 1 969 1 1023 1 1156 1 648 1 
exist 40 1 
expans 1479 1 
expasi 795 1 
expedit 1442 2 
experi 1126 1 297 1 368 1 1355 1 648 1 1349 1 917 1 
expimp 1445 1 
explain 501 1 938 1 1237 1 671 1 728 1 762 1 917 1 
explan 1355 1 891 1 
exploit 891 7 
explor 127 1 461 1 
explos 554 1 
expo 1156 1 
export 1189 2 367 2 36 1 1445 1 
exposit 1156 1 
express 285 1 
extens 127 1 938 1 1444 1 297 1 1507 1 
exterior 438 2 1018 1 
extern 405 1 
extra 1415 1 
extract 850 1 1283 1 1479 1 599 1 1275 1 
extraordinari 648 1 
extrem 910 1 
ey 647 1 
eye 134 1 
f 1497 6 1479 3 86 1 1123 1 1079 1 62 1 327 1 461 1 55 1 1001 1 1268 1 647 1 532 1 136 1 
f1 1322 1 
f1023 1463 1 
f19980524 1463 1 
f3 1479 1 
f3histori 1322 3 
f401010334 1463 1 
f4577f0e9b4c 1479 1 
f54700 594 1 
f8 1479 1 