org 648 18 1495 18 285 15 894 13 395 12 249 11 891 11 327 10 1126 10 664 10 1025 9 348 9 546 8 976 8 680 8 790 8 749 8 1471 8 1023 8 963 7 594 7 374 7 1215 7 1214 7 906 7 195 7 1283 7 969 7 985 7 723 7 1097 7 599 6 626 6 1174 6 1463 6 1482 6 293 6 86 6 329 6 811 6 414 6 910 6 632 6 983 6 731 5 1341 5 1458 5 999 5 1116 5 627 5 366 5 735 5 359 5 1479 5 1117 5 977 5 297 5 1275 5 373 5 1103 5 1079 4 1441 4 1090 4 642 4 500 4 204 4 580 4 674 4 99 4 486 4 367 4 36 4 1155 4 403 4 609 4 1356 4 183 4 120 4 1292 4 77 4 687 4 1196 4 1322 4 1052 4 762 3 312 3 234 3 1021 3 127 3 933 3 233 3 1142 3 40 3 1034 3 213 3 1507 3 526 3 1259 3 416 3 855 3 718 3 1001 3 1205 3 1291 3 66 3 1300 3 1445 3 159 3 217 3 1189 3 254 3 316 3 990 3 1086 3 532 3 32 3 1303 3 173 3 175 3 394 3 90 3 437 3 1425 3 1161 3 959 3 699 3 767 3 1186 3 56 3 1058 3 913 3 1239 3 912 3 177 3 1003 3 1012 3 1478 3 1154 2 433 2 462 2 89 2 1185 2 909 2 1420 2 1209 2 901 2 1357 2 1282 2 135 2 55 2 893 2 1080 2 781 2 654 2 1290 2 1277 2 29 2 507 2 557 2 1337 2 1301 2 859 2 640 2 1132 2 466 2 1223 2 1517 2 914 2 818 2 1131 2 1332 2 598 2 392 2 1100 2 847 2 1056 2 1123 2 1497 2 671 2 1487 2 1449 2 153 2 1051 2 1504 2 834 2 368 2 255 2 432 2 595 2 265 2 845 2 1156 2 1232 2 1183 2 520 2 1139 2 320 2 370 2 1349 2 92 2 925 2 1311 2 585 2 1354 2 420 2 974 2 1152 2 1018 2 1029 2 783 2 915 2 187 2 691 1 1031 1 850 1 96 1 1078 1 795 1 318 1 600 1 351 1 48 1 136 1 478 1 134 1 764 1 917 1 1433 1 826 1 1459 1 716 1 408 1 953 1 1434 1 979 1 1310 1 846 1 333 1 489 1 1226 1 562 1 779 1 1136 1 1339 1 1513 1 544 1 137 1 863 1 132 1 1111 1 539 1 646 1 1015 1 1227 1 415 1 932 1 753 1 1222 1 1083 1 176 1 1216 1 1014 1 468 1 6 1 1141 1 518 1 624 1 1461 1 405 1 221 1 461 1 342 1 918 1 629 1 220 1 1065 1 935 1 1444 1 236 1 771 1 365 1 940 1 1355 1 1145 1 534 1 836 1 1326 1 100 1 483 1 349 1 362 1 938 1 1158 1 996 1 643 1 438 1 870 1 144 1 1115 1 205 1 306 1 1284 1 689 1 371 1 421 1 103 1 812 1 1039 1 477 1 1307 1 647 1 523 1 152 1 704 1 747 1 1047 1 1477 1 1030 1 410 1 1201 1 874 1 1 1 1327 1 1144 1 1046 1 1125 1 765 1 1007 1 1112 1 491 1 309 1 1170 1 631 1 1294 1 1344 1 792 1 802 1 42 1 302 1 226 1 138 1 1443 1 688 1 639 1 890 1 972 1 617 1 916 1 26 1 319 1 154 1 97 1 459 1 422 1 1340 1 815 1 504 1 
organ 249 1 367 1 703 1 366 1 1356 1 
organis 594 1 
orient 1052 1 
orig 699 1 
origin 1183 3 1517 2 935 1 348 1 1133 1 999 1 1015 1 791 1 134 1 1023 1 342 1 1269 1 976 1 1226 1 1001 1 836 1 1109 1 1311 1 1332 1 
originalurkunden 1519 1 
originresearch 62 1 
ornitho 781 2 
ornitholog 329 5 
oro 1117 2 
oroitzapenak 1090 1 
ort 894 2 
os5001aug01 871 1 
osb 811 3 
osc 414 1 
oscebih 414 1 
oscebih_eng 414 1 
osgeoint 394 4 
ostp 910 1 
osu 977 1 
other 1300 1 731 1 
otto 348 1 
ottoman 812 1 
ourdoc 195 1 
ourdocu 195 1 
outback 226 3 
outbreak 594 1 
outlin 226 1 
output 461 1 
outreach 1497 1 914 1 
outsid 135 1 
overal 285 1 
overflow 891 9 
oversea 374 1 
oversight 910 1 
overton 836 1 
overview 1 2 921 2 154 1 1444 1 1275 1 716 1 1340 1 1152 1 674 1 420 1 1479 1 1259 1 
ovid 999 1 
ox 699 2 600 1 306 1 1034 1 327 1 
oxfaleph012466133 327 1 
oxford 940 1 643 1 306 1 1034 1 
oxfordbibliographiesonlin 643 1 
oxvu1 327 1 
oztorah 906 1 
p 86 5 959 2 127 1 1461 1 600 1 687 1 1275 1 716 1 921 1 779 1 893 1 1003 1 1201 1 894 1 26 1 205 1 1274 1 1479 1 595 1 1458 1 906 1 783 1 976 1 891 1 
p0005 420 1 
p00548cz 874 1 
p00942m3 1356 1 
p009y0ss 598 1 
p1 1131 1 1155 1 
p15324coll10 1030 1 933 1 
p1qeaaaambaj 86 1 
p2 1155 1 
p3 1155 1 
p3co 910 2 
pa 159 1 1002 1 
pa002 1215 1 
pa700 285 1 
paavali 352 1 
pablojorg 709 1 
pacif 1058 2 329 1 664 1 
packag 1126 1 
page 1291 5 195 5 1495 4 1283 4 190 3 594 3 249 3 912 2 461 2 1001 2 507 2 80 1 54 1 671 1 370 1 642 1 1519 1 327 1 1275 1 1111 1 1300 1 925 1 1311 1 1025 1 933 1 204 1 1463 1 407 1 932 1 1301 1 664 1 687 1 1131 1 1507 1 632 1 648 1 1471 1 901 1 999 1 1145 1 1339 1 781 1 1325 1 348 1 917 1 217 1 976 1 42 1 1433 1 366 1 312 1 1068 1 
page0006 1056 1 
page_id 89 1 
page_revu 1025 1 
pagenam 783 1 
pagenumb 1479 1 
pagepk 405 1 
pai 1291 1 
paia 365 1 
paint 627 1 1283 1 40 1 1332 1 
painter 1283 1 
pair 913 1 
pajitnov 89 2 
pakin 1014 1 
palac 636 5 685 2 
paleo 791 1 
paleontolog 1471 1 
palma 797 4 
palomar 134 1 
pan 626 1 
panafril10n 1025 2 
panafrloc 1025 1 
pandem 910 2 
panel 632 1 
panoram 836 1 
panorama 836 1 
pantagraph 299 2 
paper 395 5 1354 2 1301 1 1097 1 999 1 990 1 461 1 632 1 648 1 204 1 1021 1 983 1 1215 1 891 1 
papermodel 1154 1 
parabl 319 1 
parachut 932 1 
parad 836 1 
parasit 1086 1 
paratroop 1341 1 
parent 1263 1 
pari 627 1 1227 1 699 1 1097 1 
park 680 13 1215 4 1111 2 86 1 359 1 173 1 373 1 1023 1 544 1 
parkway 285 1 
parlettgam 322 1 
parliament 368 2 
part 86 5 18 2 183 2 311 1 204 1 580 1 976 1 327 1 891 1 
parti 664 1 
partial 1123 1 
particip 595 1 
particular 1126 1 1294 1 
partit 55 1 1269 1 
partner 395 2 1445 1 1291 1 
pascal 699 8 687 2 
pascalin 699 2 
pashtotrib 127 1 
pass 901 4 
passag 894 2 906 1 
passion 327 1 
passport 366 1 
past 916 1 1349 1 285 1 779 1 1201 1 
pasternak 1097 11 
pat 1103 1 
pathogen 910 1 
patric 1152 1 
patricbrc 1152 2 
patrick 282 1 
patriot 1031 2 
pattern 1434 2 
paul 1300 1 1023 1 1275 1 
pavarini 917 1 
państwowi 1274 1 
pbcs 282 1 1463 1 
pbs 1031 2 1463 2 855 2 1097 2 648 2 293 2 1292 1 910 1 632 1 297 1 
pc 687 1 
pdcnet 175 1 
pdcomedi 311 1 
pdf 891 5 1068 4 36 4 664 3 249 3 1126 3 781 3 910 3 688 2 1269 2 1015 2 1325 2 1322 2 312 2 120 2 626 2 438 1 1513 1 422 1 1497 1 1193 1 1097 1 1292 1 731 1 1030 1 1434 1 1300 1 1283 1 546 1 136 1 999 1 969 1 414 1 917 1 906 1 1226 1 468 1 526 1 1186 1 395 1 
pdf_1 55 1 
pdfarchiv 1167 2 
pdfdoc 414 1 
pdfs 1322 2 1223 1 
pdmi 1126 1 
pdx 1068 1 
peac 1479 1 
peacock 329 1 
pearl 127 2 
pedro 731 1 
peer 983 1 
peiri 664 1 
pelota 893 1 
pelotabinaria 893 1 
pembrok 1227 1 
pen 996 2 
pencil 120 1 
pend 187 1 
penelop 1327 1 
peninsula 316 1 
pennsylvania 648 1 
pentagon 783 1 
pentagonal_dipyramid 751 1 
pentd2 894 1 
peop 407 1 
peopl 329 1 731 1 1186 1 1046 1 1497 1 983 1 77 1 1311 1 648 1 
people_and_plac 204 1 
pepi 1034 1 
per 1495 1 
pera 910 1 
peren 595 1 
perfect_armor_improv 890 1 
perform 349 2 1517 2 723 2 352 1 539 1 
performance_04_88 723 1 
performance_04_98 723 1 
period 519 1 312 1 782 1 1507 1 397 1 518 1 1158 1 516 1 
periodicvideo 312 1 782 1 1507 1 519 1 518 1 516 1 
perlin 285 1 
permalink 282 1 
permiss 26 1 
permit 999 1 
permut 1513 1 
perri 1354 1 
perseus 1433 2 
persia 1174 1 
persian 1174 1 
person 890 1 1354 1 699 1 662 1 599 1 1237 1 1007 1 893 1 1420 1 797 1 648 1 
persona 1021 1 
personnel 836 1 
perspect 546 1 
pesticid 1086 1 
peter 1183 1 599 1 1018 1 671 1 
peykovska 1201 1 
pfcona 1497 1 
pfeiffer 1133 2 
pg 285 1 327 1 
pg80 54 1 
pg_id 1275 1 
pgm 1495 1 
ph 249 1 66 1 
pharo 136 1 
phase 762 1 
phi 709 1 32 1 327 1 917 1 
phil 1275 2 
phil_fak_ii 933 1 
philadelphia 969 1 348 1 
philharmon 348 2 
philm 1275 6 
philolog 1433 1 
philologorum 204 1 
philosophi 327 5 1517 2 1226 2 175 1 62 1 
philosophia 1517 2 
philosophy_bit 327 1 
philosophyarch 327 1 
phoibl 749 2 
photo 836 5 1269 3 999 2 990 2 544 2 912 1 1131 1 1154 1 1158 1 1201 1 687 1 1015 1 1275 1 213 1 797 1 1115 1 1139 1 647 1 532 1 1215 1 915 1 
photo1 536 1 
photoal 520 1 
photoalbum 716 1 
photocopi 1023 1 
photogalleri 1031 1 536 1 
photograph 999 2 1275 2 689 1 173 1 752 1 327 1 
photoindex 1015 1 
photojourn 134 1 
photomicrograph 716 1 
php 327 7 195 5 749 3 1025 3 461 3 360 3 1495 2 92 2 1097 2 709 2 1126 2 893 2 1131 2 103 1 297 1 1079 1 1307 1 1303 1 1461 1 901 1 716 1 1259 1 1471 1 1167 1 1479 1 183 1 29 1 594 1 938 1 204 1 609 1 1023 1 235 1 1311 1 718 1 580 1 1463 1 1155 1 97 1 699 1 600 1 1275 1 859 1 1156 1 348 1 1444 1 249 1 351 1 1100 1 1132 1 632 1 1001 1 914 1 894 1 996 1 1337 1 1185 1 205 1 1274 1 1216 1 1517 1 518 1 906 1 662 1 979 1 254 1 915 1 891 1 
phrack 891 1 
phrase 1495 1 
phrasebook 1495 2 1458 2 
phylocod 977 2 
phylogeni 977 2 1487 1 
phys 1282 2 917 1 
physerv 935 1 
physic 963 5 580 2 1239 1 935 1 
physicstoday 963 1 
physiolog 103 1 
physiotherapi 606 1 
pi 1239 1 
pia04204 134 2 
piano 349 2 352 1 351 1 
pianotrioop 349 1 
piccard 1325 1 
picosat 1126 2 
pictori 921 1 
pictur 836 3 1322 2 316 1 1102 1 394 1 933 1 1156 1 969 1 632 1 1147 1 913 1 536 1 647 1 532 1 735 1 
pid 1227 1 910 1 
piec 92 1 309 1 
piezoelectr 716 1 
pigment 1011 2 
pilot 921 1 1067 1 
pine 648 1 
pioneer 684 1 
pip 1154 1 
pipe 395 2 
pipk 405 1 
pirat 1031 1 
pism 1274 1 
pitch 704 1 
pitfal 1125 2 
pitt 969 1 
pittsburgh 969 1 
pl 709 2 976 1 1274 1 532 1 1310 1 89 1 88 1 1482 1 
place 983 1 1126 1 1144 1 1080 1 
plagu 1147 5 
plan 976 1 293 1 999 1 891 1 
plane 783 1 
planet 664 1 1185 1 802 1 
planetmath 144 2 718 2 
planetworldcup 802 1 
plant 999 1 
plantarum 1471 2 
planud 159 1 
plaqu 609 1 
plaque_lanark03 609 1 
plaques_jkl 609 1 
plastic 925 2 972 1 
plasticsurgeri 925 1 
plate 642 2 
platform 1025 1 
plato 1226 1 
plattner 790 1 
play 176 3 589 2 580 1 1001 1 592 1 
playbil 723 2 
playboy 1205 1 
player 938 2 893 2 888 1 586 1 297 1 
playerid 888 1 
playeroverview 888 1 
playlist 254 2 
playoff 592 2 591 1 590 1 
plcp 254 1 
ple40b3efba6df4c7d 254 1 
plea 703 2 
plenari 526 1 
plnew 976 1 
plot 42 1 
plotlin 1133 1 
plqlzwixlwc7peawywpmuhchdgcertqlyv 836 1 
plugin 1014 1 
plung 932 1 
pm_v2 609 1 
pmwiki 699 2 1463 2 1025 1 
png 1083 1 
pod 1274 1 
podcast 680 1 351 1 282 1 327 1 
poem 204 2 685 1 1097 1 1007 1 1116 1 1034 1 
poet 204 3 1097 3 
poeti 190 1 1097 1 
poetic 1185 1 
poetri 204 1 293 1 1097 1 1034 1 
poetryfound 204 1 
poincar 718 1 
point 718 2 285 1 
pol 1227 1 
polic 173 1 
polici 395 9 1479 2 56 2 910 2 1269 1 779 1 415 1 433 1 
policy_germani 1479 1 
polish 598 2 532 1 
polishsoldi 598 1 
polit 1444 5 327 4 433 4 249 3 600 1 56 1 836 1 1441 1 66 1 
political_scand 1444 1 
politics_economi 1444 2 
politz 580 1 
poliwonk 1444 1 
poll 1102 1 
pollut 249 4 306 1 
polski 532 1 
polskim 1274 1 
polyhedra 751 15 55 7 
polym 640 1 
política 1495 1 
pool 36 1 915 1 
pop 213 1 671 1 
pope 1283 1 
popik 1067 1 
popkin 790 1 
popul 1443 2 329 1 
popular 501 1 
port 136 2 373 1 1283 1 461 1 891 1 
portal 32 3 370 2 486 1 282 1 795 1 236 1 910 1 374 1 937 1 855 1 362 1 2 1 
portion 1111 1 
portrait 297 3 1001 1 1259 1 
portugues 1495 1 
pos 609 1 
posc 1174 1 
possibl 1133 3 910 2 752 1 
possible_big_cat_kill_featur 752 1 
post 395 2 804 1 689 1 176 1 1269 1 367 1 687 1 
postal 397 1 
postcard 990 1 
poster 1090 1 
posthuma 327 1 
postseason 591 2 590 2 592 2 589 1 
potenti 1031 1 910 1 
potrzeba 1274 1 
potter 969 9 
poverti 96 1 
power 36 1 1167 1 692 1 526 1 728 1 183 1 
powerbrok 1058 1 
pp 86 1 127 1 731 1 1269 1 1274 1 1097 1 249 1 
ppap3rzcaaic 1223 1 
pr 1155 1 
practic 594 1 
prayer 1292 6 648 1 
pre 580 1 1034 1 
precast 92 1 
precipit 249 1 
precosat 1126 1 
precursor 790 1 
predecessor 999 1 
predict 935 2 
prefac 40 1 
prefbin 703 1 
prefix 703 4 731 1 
premier 374 1 
prepar 36 7 
prepared 1147 1 
prescott 600 1 
prescrib 195 1 
prescript 1170 1 
present 1227 1 704 1 586 1 1356 1 1355 1 779 1 790 1 293 1 544 1 891 1 
preserv 26 1 1215 1 
presid 297 3 365 2 333 2 783 1 285 1 956 1 1058 1 
presidencia 1495 1 
presidenti 195 6 297 1 
press 285 2 195 2 1497 2 906 1 134 1 534 1 546 1 804 1 836 1 26 1 397 1 894 1 1155 1 
pressbook2 804 1 
pretan 1080 1 
pretanicworld 1080 1 
preto 731 1 
pretoria 664 1 
prev 790 1 
prevent 195 2 910 1 891 1 
preview 134 1 
pribilof 99 1 
price 403 1 466 1 312 1 
prima 845 1 
primari 836 1 
prime 692 2 600 1 461 1 
primeminist 692 2 
primer 671 2 940 1 
primit 1 1 
primo_librari 327 1 
princeton 687 4 1126 1 88 1 
princetonstartuptv 687 1 
princip 1185 1 
principl 1434 2 73 2 438 1 
principleofoper 73 1 
print 534 1 647 1 636 1 693 1 1034 1 
printabl 532 1 
prints_book 969 1 
printsec 86 1 1123 1 
priori 779 1 
prioriti 415 1 
privat 1356 2 
prize 940 6 963 2 1097 1 
prmmid 1097 1 
prmpid 204 1 1097 1 
prnjavorac 370 1 
probe 212 2 728 1 134 1 
probintziak 1090 2 
problem 1513 3 1126 1 
proboard 532 1 
proc2525 195 1 
proc2526 195 1 
proc2527 195 1 
proc_2655 195 1 
proc_2662 195 1 
proc_2685 195 1 
procedur 925 1 
proceed 420 1 403 1 466 1 477 1 
process 1068 2 598 1 921 1 
processor 120 1 
proclam 195 6 
prod 594 1 
produc 1031 1 1012 1 1519 1 
product 1125 3 1291 2 790 2 912 1 176 1 1145 1 1216 1 562 1 674 1 73 1 120 1 1322 1 
prof 959 2 
profession 680 1 1420 1 893 1 397 1 609 1 1196 1 910 1 891 1 
professor 1349 2 779 1 1237 1 648 1 
profil 370 3 204 3 374 3 1123 2 1097 2 1116 2 1445 2 1051 2 513 2 1232 2 297 1 333 1 1058 1 365 1 1021 1 367 1 89 1 974 1 96 1 598 1 1291 1 648 1 916 1 468 1 536 1 437 1 366 1 422 1 
profit 804 1 1090 1 891 1 
program 36 3 1 2 29 2 627 1 1301 1 1142 1 312 1 999 1 910 1 687 1 348 1 293 1 1067 1 648 1 249 1 977 1 195 1 1349 1 891 1 790 1 709 1 
programm 1065 2 154 2 598 1 699 1 600 1 507 1 874 1 609 1 327 1 1275 1 1341 1 488 1 1356 1 933 1 
progress 1478 1 
prohibit 56 1 
project 1237 2 403 2 855 2 466 2 1458 2 1023 2 976 2 1283 1 600 1 1327 1 1307 1 642 1 293 1 914 1 977 1 749 1 1487 1 1443 1 1322 1 728 1 1354 1 99 1 999 1 1116 1 1517 1 595 1 648 1 689 1 913 1 836 1 1433 1 226 1 100 1 
projecteuclid 55 1 
projectionist 804 1 
promot 395 2 1183 1 26 1 489 1 
proof 144 1 718 1 
propag 1126 1 
propaganda 1283 1 
propellor_aircraft 834 1 
properti 963 1 
propos 595 1 
prosopograph 1519 1 
prospect 405 2 
protagonist 234 1 
protect 394 2 1239 1 126 1 
proto 731 1 
protob5 1183 1 
protocol 977 1 64 1 
protocolabm 64 1 
prototypen 933 2 
provid 1047 2 212 2 397 1 302 1 403 1 466 1 1126 1 
provinc 874 2 845 1 
prowl 183 1 
prune 1126 1 
prx 309 1 
przegląd 1274 1 
prévôt 1283 1 
psalter 1227 1 
pseudo 1126 2 
psrc 648 1 
psu 1196 1 
psy_ii 933 1 
psychiatrist 1170 1 
psychologi 933 1 
pt 438 3 236 2 224 2 906 1 699 1 1463 1 894 1 108 1 
pt0401 894 1 
pt3201 906 1 
ptcl 306 1 
ptf 319 1 
pth 282 1 
pub 1300 2 1443 2 249 1 312 1 520 1 664 1 29 1 
public 36 3 297 2 1282 1 438 1 600 1 1154 1 311 1 1111 1 403 1 348 1 293 1 327 1 433 1 361 1 132 1 459 1 1425 1 367 1 466 1 790 1 594 1 486 1 309 1 894 1 1445 1 925 1 1147 1 662 1 1186 1 437 1 32 1 891 1 
public_educ 925 1 
publicinform 1239 1 
publik 1079 1 
publish 127 1 783 1 940 1 397 1 348 1 1479 1 327 1 
pueblo 937 1 
puerto 1268 2 
puls 212 1 73 1 
punjabi 500 1 
pura 893 1 
purl 999 7 32 1 
put 1126 1 
pwnet 1025 1 
py 963 1 
pynsent 874 1 
python 857 1 1103 1 
q 1268 2 86 1 594 1 176 1 1086 1 910 1 938 1 1356 1 461 1 1002 1 1354 1 1123 1 647 1 
qawalangin 99 1 
qawalangintrib 99 1 
ql 894 2 
qldbar 1214 1 
qsmfo4 935 1 
qualiti 249 1 285 1 461 1 
quantum 963 2 917 1 
quarter 716 1 921 1 1300 1 
que 937 1 
queen 1031 1 
queensland 1214 1 
queri 1517 1 66 1 
queryid 1189 1 
quest 1497 1 592 1 
question 779 1 632 1 
quibus 327 1 
quicktim 1154 1 
quier 937 1 
quiet 1154 1 
quiller 1034 1 
quinqu 327 1 
quint 789 2 
quintewest 789 1 
quodlibet 327 2 
quora 329 1 
quot 327 1 
qut 1269 2 
r 906 1 1517 1 54 1 1046 1 
r05 939 2 
r0605 939 1 
r1ceaaaambaj 86 1 
r3 544 1 
raa 1056 1 
rabbani 1058 7 
rabbi 894 1 
rabbin 852 1 
race 1322 2 918 1 1154 1 
rack 565 1 
radiat 1239 6 
radic 282 1 
radio 1356 4 327 2 875 2 874 2 662 2 680 1 699 1 488 1 1154 1 933 1 348 1 1275 1 600 1 802 1 790 1 478 1 627 1 598 1 176 1 486 1 1102 1 309 1 648 1 1478 1 507 1 
radio1 875 1 
radio3 351 1 
radio4 627 1 1154 1 933 1 327 1 
radiorewind 875 1 
radom 735 2 
radoslaw 1310 1 
raf 1154 2 
rafspadeadam 1154 1 
rail 901 6 
railway 901 4 
rain 249 17 
rainmak 1007 1 
raj 127 2 
ram 351 2 1103 1 
ramey 1014 1 
raonlin 407 2 
raphael 1283 1 
rare 395 2 648 1 
ras 1126 1 
rashi 906 1 894 1 546 1 
rate 144 1 459 1 554 1 
rationalistintern 1349 1 
ray 999 1 
raykoid666 891 2 
razor 648 1 
rbc 811 1 
rbu 918 1 
rcaf 735 1 
rcn 103 1 
rcpsych 1170 1 
rct 636 1 
rd 1002 1 1126 1 
rdpage 1504 1 
reaction 367 1 
read 546 4 6 1 204 1 1517 1 1097 1 
readabl 1126 2 327 1 
reader 1102 1 
readersh 680 1 
reading_room 891 1 
real 500 1 329 1 
realaudio 790 1 933 1 
realbhangra 500 1 
realclim 205 2 
realign 394 1 
realist 910 1 
realiti 55 1 751 1 
realli 996 1 
realplay 1282 1 
reason 1275 2 1126 1 
rebirth 282 1 
rec 1030 1 
rec01 1155 1 
receiv 394 2 1174 1 
recent 1300 1 599 1 205 1 735 1 
recherch 6 1 
rechko 749 1 
rechnik 749 3 
recip 857 1 
recit 1355 1 
recognit 680 1 599 1 
recollect 1325 1 
recommend 910 1 
reconcil 42 1 
reconstruct 976 1 718 1 925 1 731 1 1056 1 
record 999 5 348 3 1034 2 1001 2 127 1 1223 1 486 1 1458 1 870 1 293 1 595 1 648 1 329 1 204 1 1325 1 1215 1 1355 1 553 1 917 1 32 1 
recorddetail 664 1 
recov 1031 1 
recoveri 836 1 177 1 
recurso 1495 1 
red 870 2 299 1 927 1 
reduc 709 1 
reed 790 2 1333 1 
ref 249 1 1471 1 938 1 135 1 933 1 
refer 550 4 591 3 590 3 90 2 1125 2 704 2 553 2 586 2 609 2 589 2 159 2 1283 1 688 1 348 1 870 1 48 1 716 1 1183 1 127 1 792 1 554 1 501 1 42 1 536 1 
referenc 546 1 
refno 641 1 
reform 414 1 
reformist 234 1 
refug 361 2 
refut 327 1 
regain 804 2 
regard 1147 1 1023 1 1294 1 632 1 
regensburg 933 2 
region 483 3 394 2 36 1 789 1 664 1 403 1 1441 1 1153 1 266 1 249 1 374 1 1259 1 1307 1 466 1 224 1 
regist 500 1 1504 1 1154 1 1097 1 
registr 309 1 
registrar 467 1 
registri 478 1 
regneri 783 2 
regul 195 1 397 1 626 1 664 1 
regulatori 187 3 467 1 421 1 
rehabilit 598 1 
reign 1519 1 
reissu 1001 1 
relat 1449 3 438 2 1125 2 395 2 647 2 598 1 1126 1 1152 1 213 1 910 1 135 1 55 1 195 1 619 1 491 1 
relationship 1482 1 
relax 56 1 
relaçõ 438 2 
releas 916 2 134 2 195 2 913 1 1479 1 1155 1 
relev 370 1 
relic 836 1 285 1 
religion 1455 3 1283 1 
rem 1174 1 1001 1 
rem_corps_part19 1479 1 
remark 536 1 
remembr 285 1 
remington 1001 1 
remodel 716 1 
remot 891 2 
remov 195 3 925 1 
remuseum 1479 1 
renaiss 976 2 1227 1 933 1 
reno 1090 5 
repeat 1513 1 
repetit 1513 3 
replica 699 1 
report 433 5 1341 4 249 4 285 3 36 3 367 2 234 2 636 2 1155 2 1504 2 1283 1 403 1 914 1 477 1 1300 1 983 1 466 1 1104 1 136 1 221 1 1479 1 648 1 976 1 254 1 420 1 687 1 220 1 
repositori 55 1 99 1 693 1 
represent 1030 1 1018 1 
reprint 1274 1 
reproduct 327 1 
republ 392 3 874 2 365 1 333 1 
republika 370 1 
request 26 1 
requir 599 1 309 1 933 1 901 1 
rerf 1239 1 
res 73 1 749 1 
rescu 1015 1 
research 1209 4 1300 2 1126 2 585 2 557 2 438 1 935 1 1283 1 1117 1 348 1 914 1 716 1 779 1 1201 1 1322 1 999 1 1291 1 1517 1 62 1 329 1 26 1 1186 1 1239 1 1021 1 
researchproject 1126 3 
reshelp 127 1 
resid 636 1 648 1 
resimao 403 2 466 2 
resolut 1461 1 
resolv 1471 2 
reson 73 1 
resort 359 1 
resourc 86 5 648 3 1433 3 1283 2 1495 2 790 2 1193 1 1290 1 489 1 416 1 1025 1 1444 1 972 1 716 1 1239 1 731 1 1326 1 963 1 749 1 983 1 1356 1 906 1 99 1 1152 1 1310 1 1289 1 212 1 306 1 1034 1 546 1 804 1 795 1 1463 1 176 1 1497 1 195 1 1292 1 100 1 
respons 1123 1 1147 1 999 1 1155 1 1058 1 96 1 
restor 282 3 
restraint 195 1 
result 918 2 360 2 606 1 643 1 1348 1 704 1 1322 1 1126 1 135 1 
ret 1079 1 
retir 249 1 646 1 1325 1 
retired_ferderko 646 1 
retracing_blind_willie_s_blu 1012 1 
retriev 598 2 285 2 586 1 999 1 781 1 1023 1 938 1 
retrospect 54 1 
return 1133 3 836 1 
reuben 854 2 
rev 299 1 664 1 
reveng 1031 1 
revenu 459 1 
revers 891 1 
review 1131 2 1356 2 176 2 204 2 1463 2 600 1 1015 1 631 1 66 1 48 1 1097 1 716 1 55 1 54 1 940 1 983 1 299 1 309 1 999 1 1012 1 910 1 348 1 1186 1 539 1 
reviews08 282 1 
revis 894 2 
revisit 100 1 
reviv 1031 2 42 1 
revolut 1311 2 
revolution 282 1 
revolutionis 996 1 
rewind 875 1 
rfi 1058 4 
rgssa 127 1 
rgssamachupicchu 127 1 
rheim 894 1 
ri 974 2 
rice 963 2 
rich 285 1 
richard 688 2 1015 1 1023 1 544 1 648 1 
richmond 1023 2 
rico 1268 2 
ridg 312 1 
right 234 2 309 2 26 1 925 1 
righteous 1355 1 
rigid 1355 1 
rinet 1123 1 
riot 1341 1 
rip 783 1 
risk 735 2 
riskarb 187 1 
ritchi 688 2 687 1 
ritchisong 329 1 
ritual 1283 1 
river 125 1 285 1 461 1 767 1 
riverdal 285 1 
riverdalepress 285 1 
rjensen 648 1 
rl 1339 1 
rl1908 1339 2 
rlds 642 2 
rls 64 1 
rmjinstitut 187 1 
rn 648 1 
road 1269 1 461 1 
roadshow 580 1 
robert 67 1 1355 1 999 1 874 1 96 1 685 1 204 1 92 1 1226 1 692 1 1282 1 29 1 
roberthal 26 1 
rocket 1154 2 
rococo 627 1 
rodent 913 1 
roger 282 1 1463 1 
rogerebert 282 1 1463 1 
rogerjnorton 1115 1 
role 394 2 1269 1 
roll 1513 3 1102 1 
rollingston 1102 1 
roman 1303 4 845 2 1433 2 1327 2 
roman_key_card_blackwood 1303 1 
romanblackwood 1303 1 
romania 687 1 
rome 595 1 
room 546 4 636 2 1023 1 577 1 
root 1123 1 914 1 
rootsweb 206 1 207 1 
rosario 731 1 