0 1
15 1
30 3
56 14
154 1
170 1
187 1
202 5
245 1
264 30
492 1
508 1
523 2
548 1
565 2
586 14
691 2
714 3
744 11
829 1
841 2
860 1
874 3
906 1
922 9
999 5
1049 1
1064 18
1205 1
1222 5
1265 1
1284 5
1331 2
1353 2
1375 2
1403 6
1453 3
1484 1
1502 9
1572 12
1668 3
1696 13
1790 6
1846 20
1995 1
2009 1
2025 32
2271 4
2309 1
2323 4
2361 2
2384 8
2451 1
2466 1
2480 7
2543 7
2598 3
2627 1
2643 38
2899 1
2914 8
2973 2
2995 1
3012 2
3035 1
3050 1
3069 1
3085 1
3101 1
3114 1
3128 21
3285 1
3301 2
3327 2
3349 1
3375 2
3397 1
3417 1
3431 1
3446 4
3486 1
3503 1
3518 1
3544 5
3590 1
3609 1
3633 1
3653 1
3668 2
3690 1
3704 1
3723 2
3751 1
3772 7
3829 1
3846 5
3891 2
3916 2
3944 42
4225 4
4265 2
4288 2
4313 2
4334 2
4359 2
4382 5
4425 10
4508 2
4530 1
4545 7
4605 1
4619 4
4657 2
4678 6
4728 2
4755 1
4770 1
4784 2
4804 1
4819 1
4837 2
4857 2
4878 4
4915 4
4954 5
4997 7
5054 1
5070 1
5085 1
5101 1
5116 1
5131 10
5214 26
5412 45
5736 1
5751 3
5777 1
5792 1
5807 2
5824 1
5837 2
5856 10
5929 1
5944 2
5967 6
6018 1
6031 1
6051 2
6072 1
6085 3
6115 10
6194 1
6209 1
6225 4
6260 1
6282 2
6304 10
6386 3
6417 1
6434 1
6449 2
6471 1
6487 1
6499 1
6514 12
6607 1
6625 2
6648 1
6665 2
6692 2
6720 1
6741 4
6778 1
6791 1
6802 3
6831 1
6848 1
6862 39
7142 2
7165 3
7193 1
7209 1
7222 1
7239 1
7256 1
7271 1
7286 1
7304 1
7320 3
7353 3
7380 1
7397 2
7421 5
7464 1
7485 2
7516 1
7529 3
7560 1
7573 1
7586 1
7601 7
7656 1
7671 1
7689 1
7703 1
7717 7
7771 3
7801 1
7817 4
7850 5
7889 2
7913 1
7928 8
7992 1
8010 1
8024 6
8073 2
8093 14
8193 3
8222 1
8236 98
8934 1
8949 1
8962 12
9055 3
9084 1
9100 3
9125 3
9156 4
9191 4
9223 1
9237 1
9249 1
9263 2
9286 2
9306 1
9323 11
9408 1
9422 2
9441 1
9456 1
9468 1
9485 2
9508 1
9522 1
9536 1
9549 1
9563 1
9579 1
9592 1
9606 1
9620 1
9635 8
9706 5
9748 1
9764 1
9781 1
9795 1
9812 2
9835 1
9850 7
9913 1
9927 1
9942 2
9965 1
9980 4
10015 1
10035 3
10062 4
10102 1
10118 3
10148 1
10163 1
10174 1
10191 1
10208 1
10223 3
10250 1
10266 48
10627 13
10718 15
10833 2
10852 1
10867 1
10883 1
10898 4
10936 2
10958 2
10980 1
10996 1
11016 1
11032 1
11052 1
11072 2
11096 16
11215 2
11236 1
11250 1
11268 1
11283 1
11299 1
11314 1
11332 3
11359 1
11375 1
11391 4
11427 1
11442 1
11458 2
11486 3
11515 2
11538 1
11552 1
11571 1
11584 1
11598 1
11615 1
11635 1
11648 4
11682 1
11698 1
11713 1
11729 1
11747 6
11794 1
11809 1
11823 1
11837 2
11860 1
11875 1
11894 1
11911 1
11926 1
11940 17
12079 15
12206 1
12225 1
12237 1
12254 1
12269 1
12284 1
12301 2
12321 2
12345 1
12360 1
12378 1
12393 15
12509 23
12678 1
12691 1
12705 1
12719 9
12789 2
12812 1
12827 1
12843 1
12858 2
12885 2
12909 1
12930 2
12953 6
13004 2
13024 3
13053 4
13086 1
13101 1
13115 1
13133 1
13146 4
13184 2
13208 3
13240 1
13255 3
13280 2
13302 1
13320 1
13339 2
13365 1
13378 1
13391 1
13406 2
13425 1
13439 1
13455 1
13471 1
13487 1
13501 1
13516 1
13531 12
13630 2
13653 3
13685 5
13728 1
13747 1
13762 1
13774 9
13841 1
13855 3
13878 1
13890 1
13901 1
13916 1
13931 1
13945 1
13960 2
13979 1
13992 1
14013 1
14025 6
14083 1
14099 1
14115 13
14215 2
14235 1
14248 1
14267 1
14283 6
14335 3
14367 1
14378 6
14422 1
14433 3
14462 2
14484 10
14557 4
14591 1
14606 12
14696 10
14777 1
14788 1
14806 1
14819 1
14832 1
14846 10
14924 1
14942 12
15026 3
15059 1
15075 1
15092 1
15106 1
15118 1
15132 2
15152 1
15167 2
15193 2
15216 4
15255 1
15271 1
15288 22
15452 11
15539 1
15557 1
15569 1
15581 7
15640 8
15701 1
15720 1
15734 2
15757 1
15771 1
15783 5
15829 1
15845 5
15887 1
15902 1
15919 1
15940 5
15984 1
16005 7
16060 1
16073 3
16104 2
16128 1
16142 2
16161 1
16175 3
16203 1
16219 9
16293 2
16314 3
16343 2
16366 1
16383 31
16609 1
16629 4
16664 21
16815 1
16831 1
16845 6
16893 1
16915 13
17012 3
17042 1
17054 1
17070 1
17084 4
17116 1
17131 20
17276 36
17538 76
18093 1
18108 1
18122 1
18137 2
18158 2
18184 2
18205 16
18334 3
18371 2
18395 2
18420 6
18475 1
18500 1
18514 2
18533 3
18562 1
18578 1
18595 1
18611 3
18642 1
18661 1
18683 1
18698 2
18724 2
18755 1
18771 1
18787 1
18801 1
18819 2
18845 11
18924 1
18935 11
19015 1
19030 1
19042 1
19055 2
19080 1
19093 1
19108 1
19120 2
19144 1
19165 1
19183 1
19199 1
19213 1
19230 2
19254 2
19273 1
19285 124
20176 1
20191 2
20215 1
20233 3
20258 8
20323 2
20348 2
20374 2
20400 7
20456 1
20483 1
20503 2
20526 1
20539 1
20556 2
20576 3
20608 33
20836 26
21024 1
21042 2
21065 4
21103 1
21123 24
21305 1
21318 1
21339 5
21382 4
21421 1
21437 1
21451 1
21468 8
21533 1
21549 1
21572 1
21584 9
21660 2
21681 2
21708 2
21731 1
21747 1
21764 2
21794 11
21874 1
21891 1
21907 2
21933 1
21954 2
21978 1
21993 2
22012 5