0 3
26 1
41 25
206 1
229 1
243 1
264 1
281 31
507 4
543 1
560 1
576 2
595 6
646 1
659 1
672 13
775 9
843 1
858 1
876 160
2019 2
2044 2
2069 2
2094 9
2167 1
2181 1
2198 1
2213 3
2243 11
2331 5
2372 20
2510 6
2563 1
2580 1
2596 1
2612 1
2628 1
2642 1
2656 2
2680 3
2708 2
2733 1
2749 1
2761 5
2803 1
2821 2
2841 1
2858 3
2891 1
2905 1
2922 1
2942 3
2971 4
3008 1
3022 4
3057 1
3073 3
3104 1
3120 1
3131 1
3146 2
3165 2
3184 10
3257 1
3273 2
3292 1
3305 2
3328 1
3342 1
3357 1
3376 1
3390 1
3405 7
3457 3
3482 1
3498 6
3543 3
3571 2
3591 1
3603 1
3617 1
3634 5
3677 1
3691 2
3711 3
3737 9
3812 20
3959 1
3976 1
3989 4
4021 1
4035 3
4064 13
4156 7
4214 1
4230 1
4245 2
4265 1
4281 1
4294 1
4315 1
4336 1
4352 1
4370 1
4392 3
4421 7
4483 1
4500 1
4518 1
4535 11
4614 2
4637 1
4653 1
4670 4
4707 1
4724 2
4744 1
4757 3
4788 5
4826 1
4843 1
4858 1
4874 2
4899 4
4937 5
4975 1
4990 1
5008 1
5021 1
5035 1
5049 4
5083 1
5099 1
5113 1
5128 1
5140 1
5153 1
5168 2
5194 1
5206 1
5221 2
5246 1
5261 1
5279 10
5354 3
5382 5
5426 3
5463 1
5477 3
5507 2
5527 1
5542 12
5623 2
5642 1
5657 1
5670 1
5683 21
5824 1
5842 2
5867 1
5881 7
5936 1
5947 1
5960 1
5973 1
5989 3
6015 3
6045 5
6094 1
6109 1
6123 1
6137 1
6147 2
6168 1
6188 1
6206 1
6218 3
6246 1
6258 1
6273 1
6288 1
6307 2
6330 30
6541 2
6566 1
6580 170
7796 3
7829 57
8247 1
8268 4
8301 7
8358 1
8374 2
8392 2
8414 1
8431 1
8449 1
8463 3
8491 1
8504 2
8529 1
8540 1
8553 6
8596 1
8610 1
8625 3
8649 1
8670 1
8682 1
8695 2
8722 3
8746 1
8760 1
8775 1
8792 1
8804 1
8817 1
8832 1
8845 2
8867 1
8882 6
8923 1
8937 1
8950 1
8967 1
8983 7
9041 1
9056 1
9070 1
9086 1
9101 3
9134 1
9147 1
9160 1
9178 9
9252 1
9272 1
9291 1
9305 3
9333 6
9380 1
9394 2
9420 1
9437 1
9453 1
9468 1
9481 5
9523 1
9539 3
9570 2
9594 4
9633 56
10016 1
10038 1
10054 6
10108 1
10122 1
10139 1
10153 2
10173 1
10189 1
10204 1
10221 2
10244 1
10259 1
10278 4
10312 1
10329 1
10344 2
10367 1
10383 1
10400 1
10414 2
10439 1
10453 2
10473 3
10501 1
10517 1
10529 1
10548 1
10566 1
10580 8
10647 3
10677 1
10693 2
10720 1
10735 1
10749 5
10789 1
10803 3
10825 2
10847 1
10863 2
10883 1
10896 1
10912 1
10931 1
10947 1
10962 1
10977 69
11479 5
11520 1
11532 11
11622 3
11654 2
11678 1
11693 1
11708 2
11735 10
11819 1
11833 1
11848 1
11862 1
11879 7
11935 1
11958 1
11976 1
11994 1
12013 1
12030 1
12048 1
12065 1
12078 10
12155 1
12168 3
12198 1
12210 4
12241 1
12256 1
12270 1
12284 1
12296 2
12317 2
12338 1
12352 1
12366 1
12384 1
12403 2
12425 21
12580 19
12721 2
12746 1
12764 2
12784 1
12796 1
12811 1
12826 1
12846 1
12863 9
12936 1
12956 1
12973 1
12990 5
13039 1
13054 1
13071 2
13090 1
13104 1
13118 1
13131 1
13147 2
13171 1
13190 1
13203 1
13216 7
13276 1
13291 2
13313 1
13330 1
13349 15
13458 1
13469 4
13503 8
13564 43
13888 5
13932 2
13956 3
13983 2
14006 3
14039 1
14054 2
14074 1
14085 1
14100 2
14120 1
14132 14
14242 1
14261 2
14288 3
14317 1
14333 1
14349 1
14365 1
14381 1
14397 13
14489 18
14624 1
14638 1
14655 61
15092 1
15107 1
15121 1
15136 9
15206 52
15613 1
15628 1
15640 1
15660 1
15676 2
15694 1
15707 1
15718 1
15733 1
15746 4
15780 1
15794 3
15822 1
15836 15
15940 1
15955 1
15971 1
15986 1
15999 1
16010 33
16262 2
16287 1
16301 2