0 1
12 1
31 1
46 1
59 2
80 2
98 1
111 1
123 1
143 2
162 1
177 1
189 1
217 2
241 1
255 47
559 5
598 1
618 1
633 1
648 1
663 1
680 11
757 1
768 2
790 2
810 344
2980 1
2999 1
3014 1
3041 2
3063 1
3082 1
3103 1
3119 1
3131 2
3152 1
3168 1
3182 1
3211 1
3225 3
3251 1
3265 2
3289 2
3311 6
3360 2
3381 5
3420 4
3452 8
3513 2
3539 1
3555 6
3602 1
3620 2
3644 10
3716 1
3740 2
3759 1
3774 6
3821 1
3839 5
3878 6
3925 1
3941 1
3955 2
3978 2
3999 3
4025 8
4087 1
4110 1
4131 1
4146 1
4161 2
4184 1
4206 1
4222 1
4245 1
4262 3
4293 1
4314 15
4416 1
4439 1
4461 2
4478 2
4500 3
4527 1
4542 1
4563 1
4578 1
4592 1
4604 1
4620 1
4634 1
4649 1
4661 1
4673 4
4708 1
4733 6
4776 1
4792 1
4808 1
4829 1
4844 8
4903 1
4920 2
4941 1
4953 2
4974 5
5013 1
5030 1
5044 1
5061 1
5083 2
5103 1
5122 1
5139 1
5157 1
5173 1
5192 1
5218 1
5237 3
5264 1
5279 1
5295 1
5310 1
5322 2
5342 8
5402 2
5430 20
5564 1
5583 3
5614 1
5631 1
5649 2
5670 3
5701 3
5729 1
5750 1
5774 1
5790 1
5810 1
5825 1
5843 3
5874 1
5892 3
5920 2
5941 1
5985 3
6013 5
6054 1
6068 1
6086 2
6104 4
6137 1
6155 1
6170 2
6187 1
6200 1
6216 2
6235 1
6248 1
6262 1
6278 5
6316 2
6338 7
6389 1
6410 1
6425 2
6447 1
6463 4
6501 1
6517 2
6538 1
6551 1
6567 1
6581 1
6602 1
6618 1
6632 2
6651 1
6669 11
6750 3
6777 1
6794 4
6828 1
6842 24
7002 3
7036 2
7073 4
7113 2
7139 1
7159 7
7210 4
7243 1
7257 3
7284 2
7306 1
7318 1
7331 1
7346 1
7359 1
7372 1
7384 1
7395 1
7407 1
7420 1
7433 1
7451 1
7475 1
7490 1
7504 2
7525 1
7546 3
7574 1
7590 1
7603 1
7618 1
7634 1
7647 1
7677 1
7692 1
7717 1
7730 1
7744 1
7771 1
7788 3
7813 1
7829 1
7844 1
7860 1
7881 1
7895 1
7908 1
7925 1
7949 1
7965 1
7980 1
7995 1
8017 1
8040 1
8056 1
8072 9
8133 1
8147 1
8158 1
8172 1
8185 1
8224 1
8238 1
8249 1
8261 1
8275 1
8287 1
8301 1
8319 1
8332 1
8345 1
8356 1
8379 1
8393 1
8406 1
8417 1
8430 1
8443 1
8455 14
8550 1
8565 1
8583 1
8595 3
8617 1
8632 2
8652 1
8666 6
8714 1
8732 1
8746 1
8764 1
8781 1
8793 1
8806 2
8827 1
8838 1
8854 1
8865 1
8879 1
8892 2
8908 1
8918 1
8930 1
8947 1
8960 1
8975 3
8998 1
9011 1
9026 1
9040 2
9058 1
9068 1
9085 1
9096 1
9137 1
9158 1
9171 1
9181 1
9211 1
9222 1
9242 1
9262 1
9282 1
9294 1
9311 1
9325 2
9341 1
9355 2
9373 1
9389 6
9433 1
9451 1
9470 1
9487 1
9497 2
9516 1
9530 1
9543 1
9556 1
9568 1
9584 1
9597 1
9608 1
9624 15
9725 20
9859 1
9877 1
9893 11
9971 2
9989 3
10014 8
10074 1
10096 1
10114 1
10134 1
10151 4
10183 1
10197 1
10209 2
10226 1
10237 1
10249 1
10264 1
10278 1
10289 1
10306 1
10322 1
10336 1
10349 2
10367 1
10378 1
10391 49
10704 1
10718 1
10734 9
10799 3
10823 1
10836 2
10856 1
10870 1
10884 1
10897 1
10908 1
10922 1
10949 1
10963 7
11013 2
11033 4
11065 1
11080 3
11107 1
11120 1
11134 1
11150 1
11165 8
11226 1
11244 3
11270 3
11297 1
11311 1
11334 1
11350 4
11384 1
11397 2
11414 1
11428 1
11441 1
11454 1
11478 1
11492 1
11506 2
11525 1
11541 2
11564 2
11590 1
11607 3
11635 1
11654 2
11672 1
11690 1
11701 1
11715 1
11734 2
11753 1
11766 1
11781 12
11866 1
11884 4
11918 1
11934 6
11976 5
12016 1
12032 1
12053 1
12071 1
12085 1
12099 2
12116 1
12126 2
12148 2
12168 11
12246 3
12274 1
12291 1
12304 1
12321 12
12407 1
12420 1
12437 4
12470 1
12496 1
12516 1
12530 25
12692 3
12720 1
12746 1
12759 20
12886 1
12904 1
12944 1
12958 1
12971 1
12982 1
13007 1
13018 1
13034 2
13052 3
13075 1
13086 1
13103 1
13118 2
13140 1
13156 2
13177 2
13197 1
13209 1
13228 1
13241 2
13260 1
13278 1
13298 17
13421 1
13438 1
13464 3
13489 5
13530 1
13543 3
13569 22
13718 2
13747 1
13769 1
13786 1
13803 1
13815 1
13828 1
13841 1
13854 1
13868 1
13884 1
13902 1
13916 1
13928 1
13942 1
13959 1
13975 3
13999 5
14036 4
14071 4
14106 1
14127 1
14141 2
14160 1
14176 1
14195 4
14234 5
14272 4
14308 1
14330 1
14350 1
14378 1
14394 15
14495 3
14521 1
14539 1
14567 1
14583 1
14596 1
14612 7
14666 1
14684 1
14697 1
14712 1
14728 1
14747 1
14764 1
14781 4
14817 3
14846 1
14859 1
14873 1
14887 1
14901 6
14946 1
14965 1
14978 1
14989 1
15002 1
15014 4
15044 1
15056 2
15072 1
15085 1
15098 1
15110 1
15127 1
15138 1
15150 2
15168 1
15179 1
15190 1
15202 2
15219 1
15232 1
15243 1
15262 13
15347 1
15363 1
15377 3
15403 1
15418 1
15432 1
15448 2
15469 1
15483 8
15546 13
15639 1
15657 1
15680 1
15699 1
15714 1
15725 1
15739 1
15754 3
15778 1
15789 1
15802 1
15818 1
15830 1
15845 1
15868 1
15889 1
15905 5
15943 1
15957 1
15971 1
15991 1
16005 1
16017 1
16035 1
16048 1
16062 1
16073 1
16086 1
16104 1
16117 4
16145 1
16158 1
16171 1
16192 1
16204 1
16225 1
16240 1
16254 1
16272 8
16334 1
16354 1
16379 1
16389 1
16400 1
16414 1
16427 1
16438 1
16447 8
16503 1
16518 1
16532 1
16550 1
16563 1
16587 1
16599 4
16632 1
16647 2
16668 1
16683 1
16698 1
16710 1
16726 1
16750 1
16772 2
16789 1
16806 1
16820 1
16834 1
16846 1
16859 1
16873 1
16885 1
16901 1
16920 1
16932 1
16949 1
16961 9
17019 3
17042 1
17056 1
17067 1
17079 1
17094 1
17112 1
17123 1
17138 1
17153 1
17170 1
17183 1
17198 2
17217 1
17230 1
17243 1
17256 2
17274 2
17292 1
17311 1
17323 1
17333 1
17349 1
17362 1
17373 1
17389 1
17402 1
17421 15
17515 1
17527 1
17548 3
17570 1
17586 1
17602 1
17614 2
17631 1
17643 1
17658 17
17773 1
17789 1
17805 1
17821 1
17844 1
17859 2
17879 1
17894 1
17917 1
17937 3
17961 1
17975 2
17993 1
18008 1
18028 1
18045 2
18064 1
18075 1
18088 1
18100 3
18129 2
18149 1
18162 2
18182 1
18194 1
18205 1
18218 2
18236 1
18248 1
18263 1
18277 2
18298 1
18312 7
18362 2
18383 2
18405 1
18417 6
18459 1
18475 1
18488 1
18499 1
18516 17
18632 1
18647 1
18658 101
19303 8
19357 1
19383 1
19397 1
19408 3
19435 1
19449 1
19463 1
19477 1
19491 1
19504 1
19515 1
19526 1
19536 1
19557 1
19571 1
19584 1
19597 2
19620 1
19641 1
19659 1
19690 1
19704 1
19721 1
19732 1
19747 1
19761 2
19780 1
19794 3
19821 1
19841 1
19862 5
19906 1
19925 1
19943 5
19984 1
20000 1
20017 1
20038 1
20052 1
20065 1
20076 1
20088 1
20101 1
20114 1
20131 1
20145 1
20162 1
20177 1
20189 1
20200 1
20211 1
20223 2
20245 1
20257 1
20274 4
20306 1
20320 1
20332 1
20348 1
20364 1
20379 5
20416 1
20430 1
20445 68
20879 1
20892 1
20906 1
20926 1
20939 2
20959 1
20972 1
20986 1
21007 1
21028 1
21044 1
21058 1
21073 1
21086 1
21101 1
21116 1
21137 15
21244 1
21280 1
21306 1
21335 5
21381 7
21429 1
21443 1
21456 4
21488 10
21557 1
21570 1
21587 7
21640 6
21689 45
21989 1
22003 1
22024 1
22038 1
22066 1
22080 1
22094 1
22112 3
22137 1
22151 15
22250 1
22272 4
22305 8
22368 1
22381 1
22392 2
22410 1
22426 1
22442 1
22466 6
22513 1
22533 1
22548 1
22562 1
22575 1
22591 1
22602 1
22614 2
22633 1
22649 1
22665 1
22680 5
22716 1
22733 1
22751 1
22767 1
22785 1
22796 1
22808 1
22823 1
22834 1
22849 1
22867 1
22879 3
22903 2
22920 1
22932 9
22996 1
23010 1
23025 2
23049 1
23061 1
23075 1
23091 1
23106 6
23146 1
23160 1
23182 4
23212 5
23251 2
23271 1
23285 1
23301 1
23318 1
23332 1
23347 1
23358 1
23372 1
23389 1
23409 12
23490 1
23505 1
23518 1
23531 1
23547 1
23558 1
23574 1
23594 1
23612 1
23628 13
23717 4
23749 13
23840 1
23858 2
23875 1
23891 1
23906 1
23925 1
23936 2
23956 1
23970 1
23982 10
24056 4
24086 1
24101 1
24117 2
24139 1
24157 3
24182 1
24196 1
24208 1
24225 1
24238 3
24261 1
24282 5
24322 3
24350 1
24366 1
24381 1
24410 1
24426 1
24438 1
24451 6
24496 1
24513 1
24528 11
24609 1
24621 1
24636 1
24650 1
24666 7
24719 1
24734 7
24786 2
24807 1
24822 2
24842 1
24856 1
24869 4
24902 1
24918 1
24933 5
24973 2
24996 1
25010 1
25024 5
25066 1
25087 1
25101 1
25111 1
25122 14
25212 1
25223 1
25237 1
25255 1
25266 1
25284 1
25303 1
25324 1
25338 1