0 1
12 1
32 1
44 1
71 1
83 1
96 2
112 1
125 1
140 1
155 1
166 1
182 1
193 1
206 2
228 1
242 1
254 1
269 1
282 1
293 1
304 1
315 1
328 1
339 1
356 1
368 1
380 1
400 1
411 1
424 41
682 1
694 1
706 1
718 1
729 6
773 1
789 1
810 2
830 3
858 3
886 1
901 1
913 1
924 3
948 10
1019 1
1031 1
1045 1
1058 2
1075 6
1115 1
1130 1
1143 1
1155 1
1170 2
1187 6
1224 3
1246 1
1264 1
1280 4
1309 1
1324 3
1350 8
1412 1
1428 23
1577 1
1601 1
1615 1
1632 2
1650 1
1661 1
1675 4
1706 1
1720 4
1756 1
1771 1
1785 1
1801 2
1821 1
1836 2
1860 3
1882 18
2002 1
2018 1
2033 1
2052 1
2065 1
2085 2
2109 91
2692 2
2712 1
2726 1
2741 1
2756 1
2780 3
2809 2
2832 1
2848 1
2866 1
2883 5
2921 1
2937 2
2957 4
2992 1
3010 1
3023 1
3041 2
3064 1
3077 1
3092 3
3121 3
3150 1
3165 2
3185 1
3201 1
3216 1
3235 4
3271 27
3451 1
3469 1
3484 47
3782 2
3805 1
3826 1
3839 4
3873 1
3887 2
3907 1
3929 1
3948 1
3961 1
3977 3
4005 1
4031 1
4057 1
4071 1
4085 1
4096 2
4119 1
4132 1
4147 3
4173 2
4195 1
4210 1
4225 1
4240 1
4255 1
4274 29
4465 1
4483 1
4499 5
4543 1
4560 9
4621 3
4647 1
4663 1
4681 1
4696 2
4715 14
4815 1
4830 1
4847 1
4869 2
4891 2
4914 1
4934 1
4954 31
5150 1
5174 16
5282 7
5347 1
5371 1
5388 1
5402 25
5569 1
5583 1
5595 1
5610 1
5627 1
5644 2
5664 7
5718 3
5751 1
5765 1
5779 1
5795 1
5812 1
5826 2
5846 1
5863 1
5879 1
5898 1
5912 1
5933 3
5957 1
5968 1
5980 1
5994 1
6005 1
6017 2
6033 1
6046 2
6064 1
6080 3
6110 1
6124 1
6138 4
6171 1
6192 1
6213 1
6228 1
6240 2
6261 1
6278 1
6318 1
6331 3
6359 1
6375 3
6400 1
6420 2
6440 10
6510 1
6522 1
6534 1
6546 2
6567 1
6578 8
6634 1
6651 4
6683 2
6705 1
6719 4
6748 1
6761 7
6812 1
6829 1
6841 1
6858 1
6876 1
6888 2
6903 1
6918 1
6930 2
6949 2
6970 1
6981 1
6991 1
7001 12
7077 1
7107 1
7122 1
7133 1
7148 2
7167 1
7180 9
7243 1
7281 1
7293 1
7308 1
7321 8
7377 2
7398 1
7411 2
7431 1
7449 3
7473 3
7504 1
7516 1
7530 1
7544 1
7561 1
7578 1
7589 1
7601 1
7616 1
7633 1
7651 1
7682 1
7698 1
7713 1
7726 1
7740 1
7758 1
7774 1
7786 11
7864 4
7910 1
7932 2
7966 3
8008 1
8021 1
8035 1
8047 1
8062 2
8080 1
8096 1
8113 1
8128 1
8141 1
8158 1
8170 1
8182 1
8197 1
8213 1
8225 1
8237 1
8251 10
8324 1
8346 2
8367 2
8394 1
8411 1
8422 1
8435 2
8457 1
8474 1
8488 1
8501 1
8516 1
8539 17
8654 1
8673 1
8708 3
8735 1
8746 1
8760 3
8783 1
8795 3
8820 1
8831 1
8846 1
8861 1
8872 1
8883 1
8896 1
8916 1
8935 1
8945 2
8966 12
9044 4
9078 1
9089 1
9102 1
9116 1
9130 14
9224 1
9242 1
9254 1
9271 12
9353 1
9366 1
9381 1
9394 1
9412 3
9439 1
9453 1
9467 1
9484 1
9504 1
9532 1
9556 1
9567 1
9584 1
9598 4
9628 1
9671 2
9688 1
9702 1
9716 1
9729 1
9743 1
9755 1
9768 1
9782 2
9803 1
9824 1
9839 1
9859 1
9873 1
9886 1
9900 1
9914 1
9947 1
9964 1
9981 1
9998 1
10006 1
10024 1
10036 1
10055 1
10066 1
10078 1
10090 1
10109 1
10124 1
10140 1
10154 1
10168 1
10186 3
10213 1
10229 1
10244 1
10266 1
10280 1
10292 1
10305 8
10359 1
10375 1
10389 3
10415 1
10430 1
10441 1
10455 1
10475 1
10490 1
10517 1
10533 1
10546 1
10557 1
10571 1
10586 1
10597 1
10618 1
10632 1
10645 3
10672 2
10693 2
10714 1
10725 1
10739 1
10752 5
10791 1
10807 1
10825 1
10861 1
10878 1
10893 1
10906 1
10919 1
10933 1
10947 2
10965 1
10979 1
10990 1
11009 1
11021 1
11037 1
11049 1
11062 1
11077 1
11092 1
11107 1
11121 1
11136 1
11148 1
11159 1
11175 1
11196 1
11208 3
11237 1
11259 3
11286 1
11302 1
11315 1
11327 1
11342 2
11362 1
11378 1
11390 1
11407 1
11419 1
11430 1
11442 1
11458 1
11470 1
11489 2
11506 1
11521 1
11535 1
11555 1
11569 1
11581 1
11591 1
11604 1
11623 10
11686 1
11696 1
11708 1
11718 1
11728 1
11741 1
11772 4
11802 7
11850 2
11870 2
11889 1
11907 1
11921 1
11934 1
11945 1
11958 1
11970 1
11982 4
12013 1
12034 1
12045 1
12059 1
12071 1
12087 1
12102 7
12152 1
12169 1
12187 1
12199 21
12333 1
12347 1
12366 1
12382 1
12397 1
12413 1
12432 20
12568 1
12584 1
12597 1
12610 1
12623 1
12635 1
12647 1
12659 1
12672 7
12722 1
12737 1
12753 1
12768 1
12781 1
12793 6
12835 1
12850 1
12864 1
12883 1
12895 3
12921 4
12953 1
12966 7
13018 1
13034 1
13046 2
13067 1
13085 2
13107 1
13121 12
13197 1
13216 1
13232 1
13248 1
13260 1
13274 1
13286 1
13303 1
13318 1
13329 2
13348 6
13392 1
13411 7
13461 1
13473 11
13549 1
13571 1
13587 1
13606 1
13621 1
13638 1
13649 1
13661 6
13708 1
13727 1
13739 1
13754 1
13773 1
13787 2
13808 5
13844 4
13879 2
13903 2
13923 1
13936 2
13958 2
13978 1
13996 1
14009 1
14022 2
14043 1
14058 1
14073 1
14087 1
14098 1
14110 1
14125 1
14136 1
14153 4
14187 1
14206 1
14217 9
14280 1
14301 2
14320 1
14335 1
14348 1
14361 1
14381 1
14392 2
14415 1
14437 1
14458 1
14475 1
14493 2
14509 1
14520 1
14535 1
14552 1
14564 2
14580 14
14675 1
14689 2
14710 1
14725 70
15167 1
15184 2
15205 1
15221 2
15241 1
15255 1
15269 3
15296 1
15320 1
15332 1
15347 18
15466 1
15501 1
15514 1
15531 4
15566 1
15583 4
15615 1
15625 1
15638 1
15659 1
15672 1
15683 1
15701 1
15715 1
15732 1
15747 5
15784 1
15798 1
15812 1
15827 1
15841 1
15860 2
15882 1
15902 23
16058 1
16075 1
16092 1
16113 1
16130 1
16151 2
16173 1
16187 2
16206 3
16232 1
16250 1
16264 31
16469 1
16484 1
16502 1
16518 3
16546 1
16573 1
16595 1
16619 9
16690 1
16703 1
16716 2
16734 1
16745 17
16856 1
16874 1
16891 1
16914 3
16942 1
16954 1
16965 1
16980 1
16995 1
17007 1
17024 1
17040 1
17054 1
17068 1
17084 1
17096 1
17107 1
17119 9
17179 11
17256 1
17273 1
17291 3
17314 1
17328 1
17346 1
17359 12
17444 3
17469 1
17485 1
17501 1
17516 1
17530 1
17546 1
17559 1
17570 1
17583 5
17621 1
17636 1
17648 1
17662 7
17710 1
17725 1
17737 1
17746 1
17757 1
17768 1
17779 1
17790 1
17801 1
17816 1
17829 1
17845 1
17858 1
17877 1
17891 1
17905 1
17919 1
17934 1
17945 1
17958 1
17972 1
17987 1
18000 1
18013 1
18028 1
18042 1
18059 1
18070 1
18081 1
18092 1