0 2
27 1
43 1
68 3
93 1
106 1
128 1
146 1
162 3
193 1
207 5
245 2
268 1
281 1
294 1
306 4
338 1
352 1
372 1
393 1
411 31
610 3
640 1
653 1
670 1
689 1
704 13
791 1
829 1
844 1
860 1
877 1
896 1
910 1
925 1
963 1
992 1
1011 1
1041 1
1126 1
1162 1
1190 1
1213 1
1241 5
1276 1
1303 1
1323 1
1340 1
1356 1
1370 1
1398 1
1414 1
1436 2
1474 1
1491 1
1510 1
1554 1
1570 1
1595 1
1615 1
1637 1
1671 3
1704 1
1722 1
1742 1
1756 1
1769 1
1783 1
1837 1
1862 1
1879 1
1893 1
1908 1
1926 1
1941 6
1985 1
2008 1
2032 2
2056 1
2094 1
2108 1
2122 1
2140 2
2164 2
2183 1
2200 1
2219 1
2242 1
2258 6
2301 2
2320 1
2337 1
2358 2
2378 1
2395 1
2413 1
2429 1
2445 2
2468 1
2483 1
2497 3
2521 1
2535 1
2559 1
2573 1
2586 4
2622 1
2635 1
2649 1
2660 1
2676 1
2702 1
2719 1
2733 1
2746 1
2758 1
2772 24
2925 3
2952 2
2977 1
2990 1
3002 1
3016 1
3028 1
3045 9
3108 1
3122 1
3134 1
3151 2
3169 1
3181 1
3192 1
3204 1
3218 1
3228 1
3251 1
3264 1
3278 1
3293 1
3324 1
3340 7
3392 1
3411 1
3422 2
3443 2
3461 1
3473 1
3486 1
3501 2
3522 3
3548 1
3566 1
3577 1
3591 2
3609 5
3648 1
3666 1
3679 5
3717 1
3735 1
3749 1
3764 9
3830 1
3847 1
3862 1
3873 1
3886 1
3902 2
3921 3
3946 11
4024 1
4041 1
4080 5
4119 1
4134 1
4149 1
4163 3
4188 1
4201 1
4211 1
4222 1
4232 1
4243 1
4256 2
4272 1
4285 4
4316 10
4384 1
4402 4
4436 4
4470 1
4493 1
4511 3
4539 1
4554 1
4569 5
4608 1
4624 1
4640 2
4658 2
4681 6
4729 1
4746 1
4760 16
4874 1
4894 1
4913 1
4929 4
4965 1
4991 1
5007 12
5093 1
5110 1
5121 2
5143 1
5160 1
5173 2
5192 1
5207 2
5231 5
5271 1
5291 1
5308 1
5323 3
5347 1
5362 1
5390 4
5420 3
5446 1
5459 2
5481 1
5497 2
5515 3
5541 1
5556 1
5571 1
5585 1
5599 2
5620 1
5649 1
5660 1
5673 7
5721 1
5743 1
5756 1
5768 9
5832 2
5854 1
5867 1
5891 1
5901 1
5911 1
5925 1
5944 1
5960 1
5976 2
5995 1
6009 1
6024 1
6036 1
6057 1
6069 1
6087 1
6104 1
6116 1
6129 4
6162 18
6281 1
6295 1
6311 1
6321 1
6335 1
6353 2
6371 4
6403 1
6422 1
6435 1
6446 1
6463 1
6477 6
6520 1
6532 2
6553 1
6567 1
6579 1
6597 25
6757 2
6774 1
6785 2
6801 1
6812 1
6823 3
6847 1
6862 1
6873 1
6888 1
6899 1
6913 2
6930 1
6943 10
7009 10
7082 1
7093 1
7110 1
7122 4
7155 1
7166 1
7179 1
7192 1
7204 1
7217 1
7230 1
7242 1
7254 1
7265 1
7279 1
7303 1
7320 1
7331 1
7345 1
7357 1
7370 117
8116 1
8130 1
8143 1
8160 3
8187 1
8205 1
8218 1
8231 1
8244 1
8260 1
8275 1
8289 1
8304 1
8314 1
8325 1
8341 2
8360 2
8376 1
8387 8
8441 1
8456 1
8467 1
8480 1
8495 1
8515 2
8540 1
8562 2
8580 3
8608 1
8622 3
8647 1
8660 1
8673 3
8701 3
8727 1
8750 1
8762 1
8779 1
8794 1
8809 9
8872 2
8892 1
8905 1
8918 1
8931 21
9071 1
9090 1
9103 1
9120 48
9430 1
9449 1
9467 1
9483 1
9503 1
9517 1
9528 1
9542 3
9572 1
9589 1
9601 1
9615 1
9628 1
9643 2
9663 1
9674 1
9695 1
9712 1
9728 1
9739 1
9756 1
9770 1
9783 1
9793 2
9813 1
9841 3
9868 3
9893 1
9904 1
9919 1
9935 1
9949 2
9967 1
9977 2
9997 1
10008 4
10040 1
10052 30
10240 6
10280 1
10292 2
10314 1
10327 1
10345 1
10358 1
10374 1
10388 11
10462 1
10480 1
10494 13
10580 1
10595 2
10614 3
10637 1
10654 1
10665 1
10676 1
10692 1
10704 1
10719 2
10737 1
10750 3
10774 1
10786 2
10806 1
10820 2
10837 1
10855 1
10872 1
10889 1
10903 1
10915 1
10926 1
10955 1
10971 1
10983 1
10995 1
11004 1
11015 21
11151 1
11162 1
11174 1
11185 1
11196 1
11215 1
11233 2
11251 1
11276 1
11287 1
11306 1
11317 1
11336 1
11353 1
11366 1
11380 3
11403 1
11418 1
11431 1
11442 4
11471 1
11483 1
11501 1
11520 1
11531 1
11549 2
11568 1
11583 6
11630 1
11648 1
11664 1
11675 2
11695 1
11705 1
11719 1
11733 2
11754 1
11768 1
11781 1
11794 1
11805 1
11823 2
11842 2
11861 1
11873 1
11887 1
11903 1
11930 1
11943 1
11966 7
12019 1
12032 1
12050 1
12068 1
12078 1
12088 3
12112 1
12124 1
12139 2
12157 2
12178 1
12198 2
12220 2
12243 1
12261 2
12279 46
12570 1
12623 1
12653 1
12671 1
12685 22
12827 1
12847 1
12864 1
12880 1
12894 1
12916 1
12933 1
12953 1
12965 1
12977 1
12996 1
13009 1
13022 1
13037 1
13050 1
13073 1
13089 1
13103 1
13117 1
13131 7
13186 1
13199 14
13299 1
13320 1
13336 1
13350 6
13395 1
13412 1
13434 1
13453 1
13477 2
13498 1
13520 1
13536 4
13569 1
13586 1
13609 1
13627 1
13641 1
13654 1
13666 1
13695 3
13727 5
13765 1
13789 1
13803 1
13826 3
13852 1
13869 1
13886 4
13916 1
13933 2
13952 2
13970 1
13986 1
13997 2
14016 1
14028 2
14043 1
14054 1
14067 1
14078 2
14095 2
14111 1
14122 1
14133 1
14148 1
14162 1
14183 1
14200 1
14218 1
14235 1
14252 7
14299 1
14315 1
14329 1
14343 1
14356 1
14369 1
14389 1
14400 1
14416 1
14431 2
14451 2
14470 1
14491 1
14503 1
14517 1
14538 1
14552 1
14566 1
14581 2
14599 1
14613 1
14625 12
14707 1
14729 1
14744 2
14763 1
14778 1
14791 2
14816 1
14841 1
14858 5
14902 1
14924 1
14946 2
14965 15
15067 6
15110 1
15128 1
15152 1
15169 1
15184 1
15202 1
15218 1
15232 1
15244 1
15257 1
15276 2
15293 5
15330 1
15346 1
15367 1
15386 1
15397 1
15411 1
15440 3
15465 1
15500 1
15512 3
15539 1
15552 2
15574 251
17174 1
17189 1
17205 1
17218 2
17239 1
17256 1
17272 1
17289 1
17304 79
17811 1
17827 1
17845 1
17859 7
17908 1
17930 1
17942 1
17959 1
17974 1
17991 1
18004 1
18018 4
18051 4
18079 1
18097 1
18111 1
18126 1
18163 1
18178 4
18208 1
18226 7
18280 1
18302 1
18321 1
18332 1
18343 1
18355 5
18393 1
18405 1
18431 2
18450 1
18463 1
18481 1
18499 1
18514 1
18527 1
18547 4
18580 1
18597 1
18613 1
18629 1
18642 1
18654 1
18667 1
18682 1
18698 1
18712 1
18726 1
18739 2
18757 12
18840 1
18856 1
18873 1
18889 1
18905 1
18923 1
18938 1
18955 2
18980 1
18993 4
19032 4
19065 4
19098 1
19117 1
19136 1
19149 1
19166 2
19186 1
19200 7
19253 1
19272 1
19286 1
19298 1
19316 1
19342 1
19356 1
19367 4
19400 3
19424 1
19440 2
19461 1
19476 1
19492 1
19507 1
19526 2
19545 1
19562 4
19594 1
19606 2
19629 1
19643 5
19679 2
19701 1
19717 2
19734 1
19746 1
19758 2
19776 1
19794 1
19806 1
19818 1
19829 1
19842 1
19856 1
19873 2
19890 1
19905 2
19927 1
19944 3
19969 1
19983 3
20009 1
20025 1
20042 11
20119 1
20140 6
20189 27
20366 1
20383 1
20405 1
20421 55
20778 1
20800 1
20818 4
20854 1
20872 1
20890 1
20913 1
20939 2
20963 5
21003 2
21026 1
21040 2
21056 1
21067 1
21078 1
21092 10
21159 2
21180 5
21220 1
21231 1
21244 1
21254 1
21265 1
21276 1
21288 1
21298 1
21310 1
21322 2
21340 450
24183 1
24197 1
24212 4
24243 1
24255 1
24269 1
24283 1
24302 8
24356 1
24373 1
24390 1
24400 1
24417 1
24428 1
24440 1
24455 1
24468 1
24478 2
24496 2
24517 3
24539 1
24550 1
24559 1
24571 1
24587 2
24607 1
24618 1
24630 1
24647 1
24661 1
24677 1
24713 1
24730 1
24745 1
24757 1
24770 1
24785 1
24798 17
24917 7
24967 1
24979 1
24997 1
25016 1
25032 12
25113 2
25133 1
25147 2
25167 15
25271 1