0 1
10 1
19 1
30 1
40 1
53 1
64 1
80 1
94 1
110 1
125 1
138 1
154 1
170 1
188 1
204 1
219 1
234 3
260 2
277 2
293 1
315 1
329 1
343 1
361 1
376 1
392 1
403 1
419 1
437 3
461 1
477 1
489 4
517 1
532 1
543 1
556 1
571 1
584 1
597 1
609 1
625 1
639 1
655 1
668 1
685 1
705 1
719 1
732 1
751 1
765 1
781 1
798 1
809 1
821 2
840 1
856 1
874 2
891 1
903 1
915 2
932 1
948 4
976 1
989 1
1004 1
1018 1
1031 6
1069 1
1084 1
1100 1
1111 4
1140 1
1155 3
1181 1
1193 1
1206 1
1222 3
1247 1
1263 1
1279 3
1306 1
1320 1
1337 1
1352 1
1364 1
1376 1
1386 2
1405 1
1425 8
1484 1
1497 5
1538 2
1558 1
1575 1
1588 1
1601 1
1616 1
1628 1
1641 1
1655 2
1675 1
1689 1
1707 1
1722 1
1740 1
1757 1
1770 1
1781 1
1796 5
1835 1
1847 3
1872 1
1889 1
1905 1
1918 1
1928 1
1940 2
1956 1
1973 1
1989 1
2005 1
2024 1
2039 1
2051 1
2064 1
2074 1
2088 1
2099 1
2112 1
2129 2
2147 1
2156 1
2170 2
2189 1
2200 1
2214 2
2240 1
2257 1
2271 1
2286 1
2304 1
2319 1
2333 1
2347 1
2359 1
2372 1
2385 2
2400 1
2411 1
2425 1
2438 1
2453 1
2465 1
2478 1
2492 1
2507 1
2521 2
2542 1
2557 1
2576 3
2599 1
2615 1
2631 1
2643 1
2655 1
2665 1
2681 1
2698 1
2715 2
2735 1
2750 1
2764 2
2783 1
2796 1
2809 1
2824 1
2840 1
2854 1
2874 1
2893 1
2911 1
2933 1
2953 1
2968 1
2981 1
2997 1
3012 1
3031 1
3045 3
3073 1
3086 1
3104 1
3116 4
3149 1
3162 1
3172 1
3184 6
3226 1
3244 2
3263 1
3279 1
3291 1
3303 1
3316 1
3334 2
3352 1
3366 2
3386 1
3398 1
3412 1
3425 1
3438 1
3453 3
3477 1
3491 1
3507 1
3525 2
3545 1
3561 1
3576 2
3594 1
3610 2
3629 1
3643 2
3661 1
3676 1
3694 1
3708 1
3728 1
3742 1
3756 1
3770 1
3783 2
3802 1
3818 1
3833 1
3841 1
3853 16
3958 1
3969 1
3980 1
3994 1
4006 2
4029 2
4047 1
4061 1
4075 1
4091 1
4107 1
4119 1
4136 3
4165 1
4177 1
4192 1
4210 1
4229 1
4246 1
4262 1
4278 1
4291 2
4313 1
4331 1
4351 1
4371 1
4388 1
4404 1
4419 1
4433 1
4449 1
4462 4
4494 1
4509 1
4520 1
4534 1
4547 1
4564 1
4580 1
4595 5
4632 2
4652 1
4663 1
4681 2
4703 1
4718 1
4730 1
4743 1
4758 3
4788 1
4800 2
4822 3
4846 2
4868 1
4885 1
4900 1
4914 1
4931 2
4953 1
4970 1
4984 2
5006 1
5026 1
5041 1
5054 7
5104 1
5121 2
5143 1
5165 1
5181 1
5197 1
5213 3
5240 1
5255 2
5274 2
5295 1
5308 1
5325 1
5337 3
5367 1
5382 1
5396 1
5409 3
5434 1
5453 1
5469 1
5484 1
5498 1
5511 1
5526 3
5553 2
5570 1
5587 1
5599 3
5626 1
5643 1
5658 1
5675 1
5695 1
5709 1
5721 1
5733 1
5747 1
5763 2
5784 1
5799 1
5813 2
5834 1
5850 1
5864 3
5890 1
5906 1
5920 1
5938 1
5953 1
5967 1
5988 1
6003 1
6017 1
6031 9
6091 13
6179 2
6199 1
6215 1