0 1
25 1
38 1
54 1
70 2
91 1
108 1
124 1
135 1
150 2
176 1
191 1
210 5
251 1
270 1
305 1
325 6
372 1
388 1
402 2
424 15
534 1
558 1
582 1
597 1
612 3
639 1
652 1
666 1
680 1
696 1
714 1
734 1
749 1
781 1
795 2
818 2
843 1
859 1
874 1
890 1
907 1
923 1
939 2
961 1
974 1
993 1
1011 1
1027 2
1047 1
1061 1
1075 1
1092 1
1107 3
1137 1
1155 1
1174 1
1193 1
1212 1
1231 1
1250 1
1269 1
1288 2
1314 1
1333 1
1352 1
1371 1
1390 1
1409 1
1428 1
1456 1
1475 1
1494 1
1513 1
1532 1
1551 1
1570 1
1589 1
1608 1
1627 2
1646 1
1659 1
1671 1
1684 1
1697 1
1711 1
1725 1
1739 1
1754 1
1775 2
1803 2
1828 1
1848 1
1864 1
1875 2
1895 1
1912 1
1948 3
1975 1
1989 1
2007 5
2041 1
2058 4
2090 1
2104 1
2118 1
2130 1
2143 1
2156 1
2173 2
2191 1
2202 2
2218 1
2229 2
2248 1
2262 1
2276 1
2289 3
2318 1
2336 1
2350 8
2410 1
2425 1
2441 1
2455 1
2474 1
2485 1
2500 1
2512 1
2528 1
2540 1
2551 1
2565 1
2582 23
2738 1
2749 2
2770 4
2804 1
2817 2
2840 2
2859 1
2875 1
2887 2
2907 1
2919 1
2930 1
2945 1
2958 1
2971 1
2982 2
3000 2
3018 1
3039 1
3052 1
3067 1
3079 2
3099 1
3115 4
3142 1
3154 1
3166 1
3180 15
3280 1
3291 2
3311 1
3325 1
3341 1
3352 1
3366 2
3386 1
3400 1
3415 1
3430 2
3450 2
3471 2
3497 1
3507 1
3521 1
3536 2
3558 1
3576 1
3591 1
3611 1
3624 1
3638 1
3652 1
3666 2
3685 1
3699 1
3713 1
3727 1
3742 1
3754 4