0 2
18 1
31 1
46 1
60 1
76 1
86 1
98 1
113 1
130 1
143 2
162 2
184 2
203 2
222 1
240 1
254 1
272 1
287 2
304 1
319 1
340 4
372 1
389 1
402 1
417 1
431 1
446 1
463 1
481 2
506 1
521 3
546 2
563 1
576 1
590 2
609 1
622 2
641 1
655 2
673 2
692 1
707 1
719 8
776 2
796 1
809 1
823 1
836 1
851 1
867 1
881 1
894 1
908 1
921 1
937 1
953 1
966 1
982 1
995 1
1011 2
1033 1
1048 5
1086 1
1101 1
1116 2
1137 1
1150 1
1164 1
1177 1
1191 1
1206 1
1220 1
1237 1
1250 1
1266 1
1281 2
1300 2
1318 1
1333 1
1345 1
1360 1
1375 1
1385 1
1397 1
1410 1
1426 1
1440 1
1459 1
1473 2
1490 1
1504 11
1578 1
1592 1
1607 1
1620 1
1635 1
1651 1
1663 1
1675 1
1688 1
1700 2
1721 1
1735 1
1751 1
1764 1
1776 1
1790 1
1805 1
1818 1