897 105 16 
9 1519 72 44 39 687 20 105 16 574 16 1067 14 132 14 1079 9 1458 8 941 7 348 7 943 4 
91 100 5 
93 855 11 220 8 221 8 
948 931 7 
967 105 16 
97 351 4 
970 1342 11 
980 365 10 
aarhus 487 38 1334 19 
abandon 1154 7 
abba 507 30 506 24 
abbasid 105 32 
abbey 683 36 
abbrevi 1471 40 
abdic 813 8 
abel 63 3 
abelian 63 3 
aberdeenshir 1078 98 
abolitionist 648 76 
aborigin 880 12 987 10 
abort 1413 45 1176 43 
abraham 282 49 1115 24 818 7 1455 6 
abras 306 11 
abritus 1308 42 
absent 1097 52 
absentia 1115 24 
absorpt 965 3 
abstract 62 12 1415 7 823 4 1428 1 
abus 158 9 58 7 123 6 353 5 
ac 183 11 
aca 715 25 
academ 757 130 1334 19 204 18 169 9 1424 6 
academi 1020 200 1001 160 648 152 1518 140 804 140 513 122 1471 120 675 102 1420 94 657 76 85 72 297 72 662 50 313 46 1413 45 1176 43 1463 39 1007 37 960 33 507 30 1229 29 153 21 599 21 687 20 1131 20 632 20 487 19 1300 8 539 8 
acarnania 1327 14 
accid 920 64 802 47 771 26 783 19 
accident 920 32 
accord 329 7 
accordionist 507 60 
account 1189 4 1092 4 
accrington 116 4 
acf 190 11 
achaemenid 1174 10 489 9 1187 4 
achiev 662 50 802 47 1343 34 920 32 1205 29 966 21 853 11 
acid 103 15 2 8 249 7 720 3 842 2 
acoust 507 30 254 29 1012 26 1029 24 506 24 
acquir 1413 45 1344 32 26 31 
acquisit 674 11 834 8 
act 68 54 195 18 100 5 
actinid 519 4 
action 512 168 1020 150 806 96 1132 60 1134 58 1135 46 1131 40 342 39 216 27 1341 20 1031 17 797 16 
activ 1471 40 880 12 
activist 757 780 1413 270 648 228 1007 222 1176 129 579 54 1097 52 87 34 
actor 1007 370 662 350 960 330 1420 329 1081 240 1344 224 131 140 1100 98 1065 93 1304 90 1413 90 1231 77 1255 50 771 26 19 24 
actress 1413 630 313 322 723 162 771 130 579 54 
actual 1020 200 1463 39 
acut 71 3 
adam 1215 13 195 9 
adapt 867 246 342 117 311 88 512 84 1134 58 282 49 1133 48 1135 46 1131 40 1183 40 960 33 806 32 216 27 97 26 85 24 5 24 1132 20 42 18 574 16 1085 11 176 11 40 11 575 8 348 7 
add 510 10 
addit 1133 24 1135 23 248 12 720 3 
adhes 1150 2 
administ 1194 18 
administr 648 76 1140 5 
admir 69 8 
admiralti 69 16 
adolf 1463 39 
adopt 1343 34 
adopte 1343 68 
adult 342 117 5 24 1157 9 1136 5 
adulteri 804 35 1136 5 
advanc 657 38 120 8 
advent 1168 10 
adventist 118 8 
adventur 1183 40 216 27 
advoc 757 260 648 76 675 51 1248 20 632 20 87 17 595 10 
adwa 1332 20 
aerial 836 15 
aerobat 1289 3 
aerospac 155 7 
aesthet 675 51 62 12 175 10 933 10 
affair 44 78 1334 19 
afghan 1058 184 956 90 
afghanistan 664 205 1058 138 956 126 127 68 125 52 1123 11 126 4 128 2 
afl 1340 7 
africa 664 205 802 94 374 45 1413 45 367 26 371 12 1157 9 955 8 781 7 1160 3 464 3 954 2 475 2 
african 1413 585 664 205 1343 136 282 98 893 62 1012 52 374 45 367 39 1007 37 1141 30 371 24 1029 24 887 22 293 18 192 14 1305 10 562 8 580 8 1478 5 403 3 466 3 420 3 1146 2 477 2 
afrikaan 1305 5 
afrikan 1413 90 1305 5 
afroasiat 1116 12 
aftermath 592 12 
age 327 116 1471 40 1056 22 257 4 700 4 1063 2 251 2 
agenc 135 8 1424 6 
agent 648 76 248 24 516 11 1507 8 312 8 517 6 518 5 
agglutin 1123 11 504 9 731 4 
agil 230 3 
agincourt 1061 16 
agm 179 14 180 2 
agnost 757 260 1356 64 44 39 692 31 506 24 87 17 
agra 162 6 
agricultur 44 39 773 3 992 1 
aichi 145 10 
aid 1413 45 
aim 28 17 178 3 177 1 
aim120 178 3 
air 1176 129 637 12 178 9 1497 7 249 7 179 7 1167 6 1306 6 735 5 932 5 181 4 180 4 177 2 
airbridg 836 15 
airbus 155 7 
aircraft 183 88 912 70 1323 48 1291 42 798 36 979 18 529 18 735 10 1060 10 834 8 758 8 1289 3 355 1 
airlin 637 60 783 19 221 8 220 8 1060 5 758 4 
airstream 170 1 
airway 637 12 
akira 145 10 
akiva 1134 29 1135 23 
akrotiri 664 205 
al 213 26 1058 23 86 19 105 16 221 8 220 8 
alabama 1099 16 
alameda 114 12 1223 9 
alaska 99 12 100 10 36 3 39 2 41 1 
albania 664 205 31 15 
albanian 31 30 
albert 935 8 963 6 
albertin 252 9 253 8 
albin 18 5 
album 330 100 310 42 665 16 309 16 1275 12 
alcatel 486 14 
alcatraz 213 26 
alcobaça 108 6 
alcohol 58 7 1260 4 301 4 1212 2 50 1 
alcopop 50 1 
aldebaran 133 13 
aleppo 105 16 
aleut 99 6 
alexand 657 38 136 17 
alexandria 223 69 136 34 138 16 142 5 
alexandrian 223 23 
alga 248 12 
algal 248 12 
algebra 628 12 1126 6 1010 6 697 4 200 2 1095 2 1106 2 886 2 186 1 
algeria 664 205 1116 12 
algorithm 1346 4 1137 3 826 2 
alien 195 18 
alkalin 312 8 518 5 
alkanol 110 1 
alkyl 111 4 
allegheni 1277 2 
allendi 26 31 
alleud 879 18 
alli 491 19 
allianc 598 44 
alliant 179 7 
alloster 1170 7 110 1 
alloy 265 8 762 6 
alma 255 1 
almanac 648 76 1424 6 
along 136 17 976 11 1026 10 1019 9 359 7 
alp 699 28 817 2 
alpha 132 14 134 14 129 13 133 13 
alpha2 146 12 
alphabet 1104 28 1123 11 
alreadi 661 11 1086 3 
alter 512 42 867 41 
altern 512 42 1302 34 501 18 1145 14 1207 12 614 9 1120 7 242 3 973 1 
altitud 912 10 
alto 893 31 
aluminium 1353 6 520 6 241 5 88 4 
alumni 297 288 1081 160 675 153 757 130 513 122 657 114 692 93 1176 86 1471 80 44 78 1236 78 77 72 96 63 1229 58 1334 57 662 50 85 48 1058 46 313 46 153 42 1249 42 599 42 632 40 687 40 131 40 1001 40 487 38 783 38 1007 37 1304 36 723 36 296 36 960 33 1356 32 920 32 797 32 1065 31 893 31 1312 29 577 29 254 29 759 28 1248 20 651 20 86 19 204 18 754 18 79 17 1038 16 1100 14 1207 12 89 12 676 10 1180 8 1300 8 1099 8 939 6 
alweg 1073 10 
amateur 1176 43 595 10 1149 3 
amazon 736 3 
ambassador 648 152 297 72 
america 363 132 368 102 360 51 960 33 366 26 16 18 296 18 17 18 373 15 314 14 916 14 915 14 1090 13 339 11 1153 9 369 9 1462 8 913 7 1467 4 435 2 
american 648 2052 297 1584 513 1464 313 966 675 816 1081 800 1413 765 342 702 662 650 1176 645 282 588 1343 510 1249 504 577 493 920 480 254 464 77 432 960 396 1007 370 1356 352 1312 348 1141 330 806 320 765 279 1029 264 1012 260 1344 256 1020 250 1002 240 1463 234 771 234 26 217 512 210 1354 204 131 200 657 190 213 182 85 168 723 162 887 154 86 152 96 147 1134 145 1304 144 621 144 1133 144 893 124 867 123 1111 120 1183 120 87 119 1205 116 1229 116 783 114 1100 112 311 110 153 105 1115 96 1345 95 1135 92 216 81 632 80 1231 77 576 76 1288 72 1518 70 804 70 79 68 1069 66 5 60 1248 60 1255 60 1131 60 759 56 1232 50 1038 48 797 48 966 42 1132 40 1215 39 296 36 293 27 607 26 854 24 674 22 195 18 1031 17 580 16 562 16 1099 16 97 13 753 12 661 11 676 10 843 10 1478 10 42 9 1157 9 369 9 345 9 754 9 1300 8 654 7 310 6 667 6 798 6 99 6 1114 5 100 5 644 4 708 3 996 3 1289 3 589 3 590 3 792 2 1146 2 
amiga 1302 34 1209 11 53 3 147 2 150 1 156 1 
amnesia 961 26 
amorph 4 3 
amphibi 1315 46 835 15 1187 4 
amphoter 645 3 
amplifi 607 13 
amput 71 3 
ampute 216 27 86 19 
amsterdam 327 58 153 21 
amstrad 1302 34 
anabapt 34 1 
analog 1312 29 
analysand 26 62 77 36 
analysi 1424 6 1121 2 1095 2 152 2 
analyt 757 130 749 12 1458 8 1512 3 152 2 
anarchist 1420 47 
anatolia 359 7 
anatolian 1207 12 
anatomi 488 12 791 3 805 2 
anatomist 599 21 
ancestor 1487 3 
anchor 1249 42 
ancient 1104 84 994 42 139 39 328 36 1055 20 1174 20 489 18 136 17 1327 14 97 13 861 12 872 8 660 8 1433 8 245 7 359 7 878 6 895 5 700 4 130 4 102 3 101 3 496 2 
andean 369 9 1462 8 
andorra 664 205 
android 512 42 28 17 707 5 
andré 325 3 
ang 1518 35 
angel 757 130 512 84 806 64 131 40 1081 40 1134 29 759 28 1133 24 1135 23 311 22 1345 19 237 18 1099 8 
angelo 621 24 
angiosperm 344 1 
anglia 1300 8 
anglican 600 90 1292 75 651 20 712 9 
anglo 683 108 598 44 574 16 654 7 644 4 717 3 
angola 664 205 
angoulêm 676 10 145 10 
anheus 1216 2 
anim 342 390 961 260 1145 112 867 82 1284 65 216 54 1328 18 579 18 916 14 14 13 95 11 145 10 210 8 329 7 1136 5 594 4 488 4 1412 4 334 3 791 3 
anion 645 3 
anita 1157 9 
ann 5 12 
annapoli 809 10 
announc 1249 210 759 56 1232 25 
annual 617 11 589 3 590 3 588 2 591 2 
anox 316 20 
ansbach 233 2 
ansi 194 2 
antagonist 1170 7 
antarct 664 205 364 6 30 1 
antarctica 30 1 
anthem 6 34 40 11 
anthologist 1312 29 
anthoni 237 18 
anthropologist 296 18 
anthropomorph 1284 13 
anti 757 1170 1420 94 1007 74 1097 52 1020 50 282 49 1176 43 1344 32 1058 23 179 21 1248 20 844 18 536 15 1128 14 217 14 91 6 735 5 257 4 
antiangin 111 4 
antibiot 953 5 1057 2 
antidot 111 4 
antigonid 872 8 
antigua 664 205 
antilegomena 897 5 
antioxid 257 4 
antiqu 134 14 251 2 
antisemit 844 18 
anton 1001 40 
antonii 237 18 
anubi 95 11 
ao 991 11 
aol 28 17 
ap 146 12 
apennin 235 9 
aphorist 699 28 
apocalypt 961 26 866 6 897 5 
apocalyptic 118 8 
apologist 699 28 
apostl 1354 102 1055 20 
appalachian 990 9 
appear 916 14 329 14 1412 8 913 7 1470 6 334 6 1039 5 914 5 1461 4 325 3 1086 3 
appl 1302 34 754 9 
appli 487 19 724 3 603 1 1162 1 
applianc 1493 5 
appoint 598 44 
appropri 639 7 
april 1315 23 850 16 
apulian 797 16 
aquat 284 3 
aquila 134 42 
aquitain 984 7 
arab 664 410 105 64 598 44 44 39 19 12 1123 11 1046 4 
arabia 664 205 
arabian 158 27 220 16 221 16 
arachnologist 1471 40 
arbitrag 187 3 
arc 316 20 
arcad 715 100 1302 68 
arcadia 802 47 
archaeolog 1056 33 1104 28 139 26 136 17 1174 10 489 9 359 7 
archaeopterygida 74 11 
archbishop 1236 78 223 23 1055 20 
archduk 1195 22 
archer 14 13 
archeri 1061 8 
archipelago 360 17 368 17 1337 8 502 4 
architect 675 102 1104 28 711 14 
architectur 573 108 636 84 1104 84 675 51 971 36 753 24 1078 14 92 6 1169 6 1508 1 
archiv 11 8 
arctic 916 28 1272 9 
arcturus 129 13 
area 1264 52 1020 50 1069 22 136 17 647 12 173 10 1223 9 754 9 1222 9 138 8 1112 1 
arezzo 235 9 
argentina 664 205 1090 13 1113 2 
arian 223 23 154 3 
arianespac 155 7 
ariel 44 39 
aristotelian 757 260 
arithmet 565 8 303 7 29 5 302 4 159 2 193 2 246 2 
arizona 1176 301 592 48 1081 40 893 31 
arkansa 297 792 960 396 
arlington 939 6 
arlo 254 29 
arm 1315 23 64 14 1243 6 
armenia 664 205 
armenian 1097 52 
armi 598 88 1176 86 1007 74 1232 50 802 47 77 36 1115 24 1021 22 1341 20 1248 20 1038 16 836 15 1243 12 1306 6 
armor 890 4 
armour 890 4 1084 4 
arrest 1007 37 213 26 
art 1518 245 648 152 1104 84 297 72 804 70 627 63 573 54 675 51 282 49 867 41 1131 40 1081 40 342 39 1007 37 1078 28 153 21 131 20 86 19 777 17 837 13 809 10 145 10 814 6 321 4 
artemi 14 13 
arthropod 325 3 
arthur 216 27 
arthurian 216 27 1222 9 
artibus 506 24 
articl 297 72 282 49 1420 47 1176 43 1229 29 311 22 1098 21 491 19 1345 19 283 18 6 17 1035 11 1209 11 516 11 595 10 857 10 504 9 935 8 135 8 639 7 609 7 58 7 913 7 814 6 667 6 1424 6 881 6 963 6 863 6 678 6 582 6 520 6 1032 6 914 5 1493 5 932 5 100 5 847 4 955 4 144 4 321 4 1013 3 618 3 1287 3 154 3 656 3 320 3 1082 3 726 2 1063 2 1106 2 623 1 772 1 
artifact 696 4 
artifici 1134 29 1145 14 1120 7 
artilleri 183 11 
artist 662 350 313 138 1141 120 1205 116 1012 104 969 99 920 96 1420 94 86 76 1029 72 501 72 1343 68 966 63 254 58 827 42 867 41 1275 36 1065 31 507 30 1002 24 887 22 853 22 145 20 510 20 579 18 6 17 701 12 1035 11 676 10 713 10 562 8 1099 8 808 7 310 6 
asexu 45 2 
ashina 570 6 569 4 
ashington 802 47 
ashkenazi 44 39 
asia 127 51 372 51 362 42 1019 27 982 26 139 26 1315 23 976 22 316 20 1225 20 916 14 125 13 1026 10 995 8 781 7 626 4 440 2 455 2 
asian 372 34 1104 28 362 28 837 13 1123 11 
aspect 678 6 
asperg 79 17 
assassin 1115 24 1058 23 1195 22 56 4 
assembl 648 76 
asset 1494 6 
assist 614 9 
associ 802 94 1249 84 648 76 657 38 637 36 969 33 1115 24 153 21 487 19 783 19 87 17 372 17 646 16 1128 14 362 14 190 11 32 10 1222 9 909 9 939 6 186 1 
assum 6 17 
assyrian 976 11 
astronom 132 14 134 14 784 11 785 1 
astronomi 1490 6 
astrophys 728 7 
astyanax 210 8 
asylum 956 18 
atari 1302 34 
atheism 757 260 699 28 
atheist 757 780 1229 58 1001 40 1007 37 1312 29 506 24 204 18 956 18 777 17 
athen 1187 4 
athenaeum 600 45 
athlet 802 47 881 6 
atlant 368 34 316 20 283 18 360 17 510 10 1272 9 714 8 1177 7 224 7 1144 5 
atlanta 173 20 
atlantiqu 1144 5 
atmospher 164 1 
atol 364 12 1016 3 
atom 1203 4 
attack 771 26 783 19 592 12 183 11 221 8 220 8 56 4 
attest 1079 9 1458 8 
attorney 297 72 
attract 704 33 636 21 680 20 1128 14 1078 14 139 13 1263 12 1174 10 544 6 933 5 
attribut 903 7 
atv 827 14 
auburn 675 51 1229 29 1099 8 
audio 1357 8 848 2 
audiobook 1356 32 
auditor 651 20 
augment 614 9 1120 7 
augustus 1327 14 
auster 844 18 
austin 577 29 674 11 768 6 
australia 692 248 664 205 802 94 880 36 1263 24 1315 23 888 23 135 16 1023 15 1307 12 1109 10 1339 8 1340 7 226 5 
australian 692 465 880 36 1263 24 1340 21 987 20 1334 19 617 11 226 10 135 8 
austria 664 205 1195 88 66 42 1344 32 
austrian 1081 40 131 20 
austro 1344 32 
author 1471 80 648 76 1354 34 969 33 26 31 1300 8 940 7 
authorship 574 16 
auto 979 18 1322 11 
autobiograph 648 76 297 72 802 47 1420 47 1471 40 1065 31 
autoharp 254 29 
autom 1126 6 
autonom 483 8 224 7 
autosom 18 5 
autumn 112 2 
auvergn 699 28 
auxiliari 1120 14 1278 5 
av 903 7 906 5 
aveiro 236 8 
aviat 920 64 802 47 1176 43 867 41 771 26 783 19 89 12 798 6 
aviv 44 39 
avoid 807 7 
award 1518 350 1020 250 662 200 1420 188 804 175 297 144 802 141 1413 135 85 120 1007 111 77 108 960 99 893 93 313 92 507 90 1249 84 1081 80 1021 66 1306 42 512 42 1183 40 1463 39 86 38 723 36 1343 34 1356 32 920 32 1312 29 1205 29 577 29 827 28 97 26 506 24 176 22 853 22 966 21 940 21 676 20 632 20 1131 20 487 19 501 18 42 18 19 12 89 12 586 12 587 9 539 8 870 8 310 6 
axiolog 175 10 
aymaq 128 2 
azerbaijan 664 205 1026 50 
azhar 1058 23 
azor 224 7 
aztec 513 61 17 27 296 18 16 9 
aztecan 296 18 
b 662 50 912 20 1323 16 132 14 190 11 1291 7 903 7 798 6 906 5 351 4 1103 3 
baalei 202 24 
babe 765 31 
babur 1017 7 
babylon 1183 20 
bacardi 1268 8 1204 3 
bachelor 802 47 
bacillus 1152 3 773 3 
back 316 20 
backgammon 863 6 
background 1239 4 
backward 952 1 
bacteri 1147 10 1037 5 
bacteria 1152 6 773 3 
bacteriolog 953 5 
bacteriophag 774 1 
bacterium 1147 10 
badakhshan 1058 23 125 13 
badalamenti 621 24 
baden 315 10 
badminton 626 4 
bafta 1007 111 1518 105 1020 50 1420 47 512 42 804 35 
baghdad 976 11 
bagpip 623 1 
bahama 664 205 360 17 
bahrain 664 205 
bahá 90 9 818 7 
baháʼu 90 9 
baiuvarii 821 3 
bakelit 972 6 
baker 971 18 361 3 
baku 1026 20 
bal 536 15 
bald 915 98 
baldr 693 7 694 1 
bali 748 7 
balkan 31 15 333 14 66 14 370 13 872 8 1201 6 410 2 1197 2 
ball 938 11 609 7 816 6 582 6 
ballad 1157 9 1034 8 
ballarat 1307 4 
ballet 1001 40 
ballist 217 7 1154 7 
ballon 802 47 
ballroom 281 5 
balochistan 1123 11 1110 1 
baltic 283 36 1426 8 532 6 1008 3 794 1 
baltimor 765 62 843 10 871 10 
bambara 1025 9 
bamberg 1250 1 
banach 1095 2 649 1 
banca 629 7 
band 6 34 1102 3 1074 1 
banda 1337 16 
bandai 961 78 54 6 
bandi 938 11 
bandlead 1205 29 1002 24 
bang 728 7 
bangladesh 664 205 1225 20 362 14 1328 9 
bangor 802 47 
banjo 580 8 
banjoist 254 29 506 24 
bank 971 90 629 28 1028 14 851 10 644 4 
banknot 971 18 629 7 
bankruptci 1117 4 
banner 1341 20 
bantoid 731 4 
bantu 731 4 
baptism 846 6 
baptist 297 216 313 46 920 32 643 8 
bar 665 4 
barbadian 723 18 
barbado 664 205 363 44 385 12 
barbuda 664 205 
barcelona 937 11 
barcelonè 937 11 
bard 723 18 
bardot 579 18 
barg 767 2 
bariton 662 50 
barium 518 5 
bark 117 4 
barnard 784 11 
baroni 1078 14 1101 1 
baroqu 627 9 1158 6 790 5 
barri 1176 43 893 31 1157 9 
barrier 491 19 
bartók 1001 40 
baruch 327 58 
baryon 1040 1 
base 282 245 1020 200 804 70 512 42 1132 40 342 39 1463 39 529 36 971 36 1518 35 806 32 1297 32 765 31 1077 30 1104 28 216 27 97 26 999 24 674 22 1195 22 1168 20 979 18 834 16 103 15 486 14 1263 12 753 12 637 12 306 11 1358 11 42 9 1269 8 1497 7 818 7 1235 6 1142 5 709 3 1013 3 1000 3 147 2 156 1 
basebal 893 279 765 217 662 100 1038 96 704 44 1249 42 1081 40 870 32 871 30 554 15 550 15 592 12 593 11 587 6 585 6 586 6 582 6 553 4 557 4 590 3 589 3 556 2 559 2 588 2 591 2 548 2 549 2 555 1 
basel 1259 39 
baserun 559 2 