term 807 7 1196 6 1238 2 
termin 636 21 
terminolog 15 16 293 9 712 9 118 8 245 7 846 6 554 5 18 5 353 5 550 5 1084 4 643 4 1480 4 299 4 1438 4 102 3 1290 3 1472 3 101 3 556 2 1318 2 549 2 559 2 34 1 43 1 
terminologist 1471 40 
terra 297 72 
terreneuvian 1412 4 
terrestri 791 3 
territori 664 205 368 85 288 64 373 60 370 52 372 51 363 44 333 42 366 39 127 34 1354 34 360 34 365 30 374 30 314 28 66 28 362 28 367 26 371 24 369 18 1462 16 231 16 1130 12 364 12 1155 10 483 8 748 7 931 7 318 6 524 4 440 2 
terror 771 52 783 38 1134 29 910 3 
terrorist 158 9 
teshuva 202 24 
test 888 46 230 6 
testament 1055 20 851 20 139 13 118 8 897 5 852 3 
tetra 210 8 
tetri 89 12 
texa 1205 203 920 160 577 116 1029 96 342 39 1232 25 1002 24 674 22 1168 20 487 19 783 19 179 7 768 6 
text 1292 125 1174 10 1014 8 1517 8 903 7 245 7 642 6 1424 6 897 5 
textron 834 8 
teylingen 599 21 
th 757 1040 648 608 683 360 44 351 327 348 1097 312 969 297 297 288 699 196 1344 192 223 184 1471 160 1018 150 1020 150 1519 144 1420 141 313 138 600 135 1292 125 513 122 1141 120 577 116 77 108 237 108 1236 104 675 102 662 100 26 93 887 88 1205 87 1312 87 1176 86 1249 84 599 84 574 80 1001 80 651 80 105 80 1012 78 657 76 658 75 85 72 1029 72 960 66 806 64 1356 64 920 64 1229 58 254 58 127 51 1002 48 802 47 17 45 1413 45 232 44 713 40 1081 40 319 39 1007 37 204 36 16 36 296 36 627 36 1304 36 941 35 1518 35 896 35 136 34 1031 34 777 34 1354 34 1343 34 1342 33 692 31 1065 31 507 30 0 30 216 27 771 26 202 24 813 24 1058 23 1021 22 143 22 976 22 1341 20 1111 20 1132 20 131 20 812 20 491 19 86 19 899 18 956 18 723 18 489 18 90 18 579 18 87 17 6 17 536 15 895 15 711 14 1017 14 808 14 931 14 1100 14 837 13 982 13 1275 12 1207 12 866 12 1233 12 855 11 1231 11 1168 10 295 10 898 10 1079 9 195 9 614 9 1458 8 15 8 1326 8 943 8 1517 8 885 8 1426 8 944 8 47 7 245 7 192 7 903 7 639 7 1311 7 984 7 570 6 642 6 945 6 755 6 864 6 948 6 768 6 949 6 906 5 900 5 884 4 856 4 905 4 569 4 883 3 894 3 865 3 102 3 946 2 947 2 951 2 907 2 950 2 942 2 
thackeray 804 35 536 15 
thailand 664 205 1458 8 
theater 1345 19 1215 13 
theatr 85 48 77 36 1344 32 507 30 835 30 506 24 1315 23 1067 14 1231 11 
theme 701 12 
theodici 1517 8 
theodor 77 36 
theolog 1128 14 118 8 1290 3 
theologian 683 180 1018 75 223 69 327 58 1236 52 699 28 1055 20 0 20 237 18 788 6 91 6 
theorem 718 12 697 4 1106 2 839 1 838 1 
theori 671 12 328 12 29 10 728 7 1010 6 619 5 1084 4 1480 4 1189 4 1346 4 1082 3 63 3 1301 3 1068 3 200 2 634 2 1285 2 706 2 596 2 859 1 
theorist 757 390 1176 43 657 38 683 36 699 28 47 14 
thermoset 972 6 
theron 1413 45 
thessali 660 8 
thicken 248 12 
think 175 10 
third 1308 6 
thirteen 753 12 1274 3 
thoma 282 49 783 19 1461 4 
thomson 1012 26 1085 11 
thomán 1001 40 
thor 695 1 
thought 327 58 62 12 175 10 1226 3 187 3 
thousand 1264 13 
thrace 489 9 872 8 
threshold 727 3 
thriller 512 126 621 120 297 72 
throw 880 12 
thunder 1081 40 
thuringiensi 773 3 
tiger 1249 42 125 13 1180 8 
tim 1302 34 1133 24 1135 23 1131 20 
timber 337 3 
time 1356 32 216 27 1183 20 79 17 
timecod 1009 1 
timelin 1035 11 1032 6 1063 2 
timurid 1017 7 
tin 762 3 
tisch 1081 40 
tisha 903 7 906 5 
tissu 716 3 656 3 
titl 342 39 961 26 311 22 1085 11 712 9 575 8 1438 4 635 3 717 3 1101 1 
titular 139 26 
tlatoqu 16 9 17 9 
tnt 1183 20 
tobago 664 205 888 23 
togo 664 205 
tokyo 1077 15 
tolstoyan 1097 52 
tomé 664 205 
tonga 664 205 
toni 1081 40 77 36 97 26 85 24 42 18 723 18 176 11 
tool 1297 16 10 4 761 2 
toonami 961 26 
topic 1098 7 408 3 317 3 601 3 585 3 1106 2 
topolog 697 8 718 4 1301 3 
torah 851 10 894 3 
torc 696 4 
torch 662 50 
toriyama 145 10 
toronto 687 60 6 17 1073 10 1180 8 1169 6 
tortur 158 9 
total 553 2 1150 2 
tourism 155 7 482 5 39 1 
tourist 704 33 636 21 680 20 1128 14 1078 14 139 13 1263 12 1174 10 544 6 
town 136 34 1302 34 937 33 990 27 1259 26 1352 24 1426 24 1026 20 1223 18 266 18 647 12 295 10 714 8 1221 6 114 6 1144 5 1307 4 236 4 116 4 141 1 
toxicolog 518 5 
toxin 242 3 
toy 680 20 1284 13 880 12 54 6 
track 1032 6 
tractor 183 11 1323 8 798 6 
trade 1344 64 692 62 827 14 1339 8 1189 8 807 7 459 4 403 3 420 3 466 3 1445 3 434 1 454 1 
tradit 757 130 327 58 662 50 1355 20 1415 7 863 6 1428 1 
tragedi 176 11 
trail 1343 34 
train 753 12 881 6 
trainer 867 41 
tranc 624 4 
transatlant 1012 26 
transcendent 723 18 
transfer 965 3 
transform 1068 3 
transhumanist 577 29 
transit 664 205 74 11 782 4 
translat 1097 832 202 168 327 58 683 36 296 18 837 13 1084 4 
transmit 1037 5 
transnat 1128 14 
transpar 1523 5 
transport 637 12 855 11 639 7 747 3 413 1 398 1 422 1 468 1 901 1 461 1 393 1 
travel 1356 64 216 27 
treasur 692 31 
treasuri 971 18 
treati 664 41410 64 84 68 36 1142 5 
treatment 242 3 
tree 857 10 1103 3 
trek 1305 5 
triangl 368 17 1218 12 1098 7 
tribe 872 16 861 6 852 3 821 3 130 2 
tributari 736 3 
triclin 241 5 
triest 1325 20 
trinidad 664 205 888 23 
triniti 757 260 888 23 651 20 204 18 
trio 701 12 350 10 351 8 562 8 349 6 
triplet 117 4 
tripoint 1259 13 
troa 139 13 
troad 139 26 
trope 683 36 
trophi 1176 43 909 9 586 3 587 3 
troubl 1341 60 
troy 1115 24 
truck 1073 10 
truth 52 5 
tsx 1073 10 
tuatha 991 11 
tuberculosi 887 22 779 7 
tuft 86 19 
tulsa 1205 29 
tunisia 664 205 1116 12 
tunnel 855 33 
turboprop 183 11 
turkey 664 205 316 60 139 52 31 15 359 14 749 12 295 10 489 9 813 8 482 5 
turkic 570 12 569 8 1017 7 
turkish 1207 60 295 10 812 10 1201 6 482 5 
turkmenistan 664 205 125 39 1123 11 
turn 757 130 
tuscani 1236 26 190 11 235 9 
tv 1183 20 1132 20 
twain 1081 40 
twelv 1354 34 941 7 943 4 944 4 949 3 945 3 948 3 947 2 942 2 951 2 950 2 946 2 
twin 658 15 798 6 
twinjet 758 4 
two 1322 22 
tyne 683 36 
type 132 28 1220 15 134 14 303 14 133 13 129 13 146 12 784 11 712 9 302 8 639 7 1156 5 857 5 619 5 11 4 56 4 1102 3 691 2 726 2 620 2 689 2 
typograph 648 76 
typographi 614 9 1493 5 
tzadik 665 4 
u 757 130 1012 78 173 40 1302 34 1067 14 855 11 160 2 
uc 632 20 
uefa 802 47 
ufo 1176 43 
uganda 664 205 
uk 600 495 844 18 970 10 
ukrain 664 205 316 60 749 12 
ukrainian 1097 104 254 29 1038 16 646 16 1311 7 
ulster 598 44 
ulyss 282 49 
umami 1298 7 
uml 10 4 
uncertain 16 9 91 6 
underground 647 12 
underworld 95 22 
unfre 15 8 
unicod 614 9 1120 7 1137 3 
unif 68 18 
uniform 878 3 
unilev 1298 7 
unincorpor 1277 4 
uninhabit 364 6 361 3 
union 664 205 956 54 1097 52 288 48 836 45 598 44 657 38 68 36 333 28 64 28 1317 27 1115 24 374 15 486 14 1067 14 367 13 1215 13 370 13 371 12 763 11 369 9 606 8 483 8 224 7 459 4 524 4 403 3 466 3 420 3 477 2 
unionist 1344 64 692 62 
unisi 999 12 
unit 297 936 1176 516 648 456 664 410 757 390 282 343 600 270 844 198 1315 184 1104 168 1232 150 1420 141 1413 135 598 132 657 114 1297 96 802 94 1341 80 1007 74 77 72 1194 72 971 72 1069 66 513 61 1111 60 1023 60 1077 60 64 56 1292 50 970 50 1249 42 1128 42 486 42 512 42 217 42 915 42 867 41 1076 40 680 40 1001 40 342 39 1463 39 487 38 68 36 195 36 1354 34 1344 32 920 32 69 32 26 31 1306 30 835 30 1229 29 1154 28 158 27 771 26 1269 24 1115 24 999 24 637 24 506 24 592 24 647 24 1058 23 363 22 704 22 1054 22 1064 21 636 21 179 21 632 20 500 20 1248 20 687 20 1183 20 576 19 783 19 1345 19 1304 18 875 18 879 18 296 18 1243 18 372 17 360 17 1323 16 210 16 641 16 288 16 1352 16 1038 16 374 15 314 14 362 14 333 14 303 14 367 13 1215 13 366 13 370 13 1071 12 89 12 371 12 1193 12 798 12 1449 12 183 11 674 11 1085 11 1168 10 1109 10 912 10 365 10 735 10 1325 10 100 10 1223 9 990 9 1289 9 369 9 902 8 1300 8 221 8 220 8 978 8 834 8 1462 8 1291 7 940 7 1497 7 1177 7 609 7 1003 7 1298 7 896 7 80 6 178 6 1167 6 582 6 688 6 1424 6 1235 6 585 6 876 6 1036 5 1165 5 1220 5 703 5 32 5 1060 5 1478 5 302 4 769 4 758 4 180 4 606 4 299 4 1139 4 286 4 361 3 1214 3 587 3 181 2 394 2 440 2 509 2 1459 1 1101 1 157 1 177 1 
unitarian 675 51 1001 40 969 33 
univers 757 260 648 228 297 216 1471 120 657 114 1236 104 675 102 692 93 1229 87 96 84 867 82 44 78 1356 64 599 63 687 60 1334 57 1058 46 600 45 1176 43 1128 42 1081 40 487 38 204 36 77 36 1312 29 759 28 216 27 753 24 85 24 153 21 632 20 809 20 131 20 783 19 1304 18 754 18 296 18 1038 16 797 16 1100 14 1259 13 1288 12 937 11 295 10 990 9 266 9 1223 9 1180 8 1300 8 38 8 1099 8 1352 8 728 7 940 7 768 6 1169 6 688 6 
universiteit 153 21 
unix 687 20 632 20 28 17 1014 8 
unknown 319 26 1115 24 994 21 1055 20 574 16 17 9 569 4 
unlimit 1262 4 
unsolv 79 17 4 3 
upper 132 14 1067 14 
uppland 1056 11 
uppsala 1471 120 
upris 1310 4 
urban 836 15 1218 6 1036 5 
ursa 146 48 
uruguay 664 205 1090 13 
us 598 44 
usa 1292 75 
use 216 27 1209 11 517 6 1032 6 10 4 53 3 
usenet 985 3 
utah 1354 102 
util 675 51 764 6 11 4 
utilitarian 757 130 
uto 296 18 
uttar 162 6 
uzbekistan 664 205 125 39 
v 306 22 753 12 1061 8 
v2500 784 11 
vaccin 779 28 
vaginosi 1037 5 
vale 141 1 
vall 190 11 
valour 598 44 
valu 1125 9 
valuabl 893 31 586 6 
vampir 806 96 
van 348 7 352 5 350 5 351 4 349 3 347 2 
vandal 822 2 
vang 512 42 
vanuatu 664 205 
vardar 1195 22 
variabl 784 22 132 14 134 14 129 13 133 13 146 12 1291 7 
variat 938 11 
vascon 504 9 
vascular 171 2 
vasodil 111 4 
vaudevill 662 50 1420 47 765 31 
vegan 974 7 
veget 974 7 
vegetarian 974 7 
vehicl 979 54 1297 48 529 36 1358 33 1322 33 1325 10 1154 7 1075 3 154 3 
venaticorum 146 12 
venezuela 664 205 
venic 797 16 
ventur 513 61 632 20 155 7 
verb 749 12 1025 9 1079 9 504 9 1458 8 1495 2 
verd 664 205 
vermont 1354 102 1134 29 
versaill 809 10 
vertigo 853 11 
vessel 1318 4 
vicar 788 6 
victim 771 78 920 64 783 57 158 18 123 6 
victor 662 100 
victori 297 72 598 44 1215 13 
victoria 600 45 1307 8 
victorian 600 90 969 33 651 20 1130 6 
video 1302 204 715 125 297 72 282 49 1420 47 311 44 1176 43 512 42 867 41 342 39 1134 29 1235 24 1133 24 89 24 1135 23 1209 22 1131 20 491 19 1345 19 283 18 1100 14 54 12 1275 12 1085 11 516 11 145 10 595 10 504 9 935 8 135 8 609 7 58 7 913 7 639 7 814 6 582 6 520 6 881 6 963 6 863 6 914 5 1493 5 932 5 847 4 955 4 321 4 154 3 656 3 320 3 53 3 1082 3 726 2 623 1 1009 1 772 1 43 1 
videotelephoni 28 17 
vienna 1134 29 
vietnam 664 205 757 130 1007 37 183 11 1157 9 1458 8 
view 1069 22 
vigilant 867 41 
vike 1056 22 
vill 676 10 145 10 
villag 1007 37 
villain 824 7 
vincent 664 205 
violenc 621 24 994 21 
violin 352 10 
violinist 1205 29 
virgin 373 45 342 39 14 13 450 2 
virginia 783 57 
virolog 594 4 
virtual 1302 34 345 9 
virtuti 598 44 
viscount 598 44 
visibl 965 3 
visionari 237 18 1517 8 
visit 657 38 
vista 636 21 736 3 
visual 961 26 573 18 346 1 
vivendi 1235 6 
viz 961 26 
vocabulari 1210 2 
vocalion 1205 29 
vodka 1260 4 
voic 1413 90 1081 40 960 33 1065 31 131 20 723 18 1100 14 1255 10 
volcan 1264 26 368 17 1337 8 
volcano 368 17 
volkswagen 979 18 1358 11 
volpi 1007 74 
volyn 1310 4 
von 1471 40 1001 40 657 38 74 11 914 5 
vrije 153 21 
w 282 98 707 5 708 3 
waco 1205 29 1168 10 
waldheim 914 5 
wale 757 130 353 5 
wall 491 38 
wallac 1020 50 
wallingford 85 24 
wallonia 686 8 
walloon 169 9 
walter 573 18 
war 757 260 1020 250 1315 230 282 196 598 176 804 140 835 135 1097 104 680 100 836 90 44 78 1023 75 1007 74 1115 72 1195 66 675 51 1176 43 1215 39 1463 39 77 36 1354 34 1344 32 812 30 1058 23 1021 22 1177 21 994 21 1132 20 1248 20 491 19 204 18 1194 18 879 18 1323 16 872 16 660 16 1297 16 69 16 373 15 1327 14 64 14 217 14 183 11 1054 11 1332 10 1157 9 685 8 1479 8 686 8 1061 8 1269 8 15 8 1154 7 1311 7 984 7 179 7 798 6 755 6 1243 6 544 6 735 5 1197 4 1139 4 178 3 1167 3 1274 3 181 2 180 2 177 1 
warfar 994 42 836 30 1084 4 910 3 882 1 
warm 205 4 
warner 662 50 512 42 804 35 254 29 1134 29 1133 24 1135 23 966 21 1131 20 1183 20 576 19 
warrant 529 18 1077 15 1358 11 
warrior 1519 24 994 21 
warsaw 657 38 
wartim 994 21 
warwickshir 888 46 598 44 
washington 662 450 513 61 675 51 254 29 1325 20 783 19 1067 14 661 11 676 10 754 9 
wast 664 410 
watauga 990 9 
watch 621 24 
watchung 487 19 
water 283 144 316 100 1420 47 249 7 1177 7 284 6 987 5 
watercolourist 969 33 
watercraft 655 3 
waterford 802 47 
waterfront 1036 5 
waterloo 879 72 
watership 1262 4 
waterway 283 18 
wave 701 24 
weapon 757 260 880 36 735 15 217 14 64 14 1147 10 179 7 1167 3 496 2 1294 2 
wear 683 36 
weather 1026 10 1015 8 520 6 
weav 324 1 
web 345 9 678 6 1011 6 1520 1 
webcom 1099 8 
websit 764 6 
week 1085 11 
wei 837 26 
weight 1173 6 881 6 
weimar 573 18 523 3 
weird 576 19 
well 1463 78 
wellfleet 771 26 
wellfounded 200 2 
welsh 757 260 920 32 
west 888 92 1065 62 374 45 804 35 1297 32 1312 29 367 26 1021 22 510 20 576 19 373 15 1067 14 97 13 176 11 853 11 1225 10 851 10 42 9 1127 2 1112 1 141 1 
western 757 260 598 44 576 38 1007 37 960 33 692 31 1205 29 288 16 1100 14 1116 12 647 12 990 9 854 8 318 6 1455 6 790 5 502 4 1488 2 410 2 
westminst 636 84 1444 3 
westwood 1007 37 
wettin 252 9 253 8 
wha 646 16 
whale 1272 18 
whedon 806 32 
whistleblow 648 76 
whistler 662 50 
white 282 98 297 72 1413 45 598 44 1463 39 844 36 311 22 1345 19 1305 5 
whitingham 1354 34 
whittak 1302 34 
whitton 1275 12 
whose 1518 140 804 105 1020 100 1463 39 1131 20 
wichita 834 8 
wicklow 1020 50 
wide 345 9 1520 1 
wiener 935 8 
wigan 802 47 
wii 1302 34 
wikileak 79 17 
wikipedia 1424 6 977 3 
wikiproject 517 6 
wilk 282 49 
will 692 31 
william 1097 52 1020 50 1463 39 804 35 40 33 893 31 777 17 
wilmer 783 19 
wilson 966 63 282 49 
wiltshir 804 35 
wimbledon 1051 30 
win 1518 70 802 47 1021 44 512 42 1183 40 77 36 577 29 1312 29 759 28 85 24 176 22 190 22 97 13 809 10 42 9 
wind 73 5 
window 513 61 715 25 28 17 286 4 
wing 844 36 646 16 798 12 183 11 912 10 1323 8 234 7 1291 7 
winner 1007 333 1413 225 1518 210 662 200 960 165 1020 150 313 138 507 120 85 96 802 94 893 93 1081 80 297 72 77 72 506 48 1420 47 1176 43 1249 42 512 42 1001 40 501 36 723 36 1343 34 1356 32 920 32 1141 30 676 30 1205 29 827 28 888 23 853 22 1021 22 311 22 966 21 86 19 579 18 539 16 797 16 19 12 145 10 909 9 870 8 587 3 
winter 1069 88 938 11 1355 10 918 7 1347 6 
winthrop 513 61 296 18 
wire 513 61 577 29 632 20 
wireless 508 5 1047 2 
wisconsin 887 22 1038 16 871 10 
wisden 888 23 
wisdom 903 7 905 4 
wit 118 8 
without 100 5 
wolf 657 38 1159 2 
wolv 95 11 
women 969 198 313 184 1413 135 26 124 994 105 143 44 771 26 621 24 783 19 579 18 87 17 1339 16 808 14 1340 7 
wonderswan 715 25 
wonderwork 1018 25 319 13 
wood 1345 57 282 49 1111 20 
woodland 315 5 
woodrow 282 49 
woodsid 759 28 
woodwind 790 5 
woodwork 761 2 
word 850 16 15 16 1237 10 500 10 1305 10 118 8 303 7 1201 6 987 5 1084 4 1438 4 67 2 243 2 
work 757 260 282 147 512 126 675 102 1518 70 513 61 1463 39 804 35 574 32 806 32 348 14 896 14 97 13 642 12 866 12 1424 12 40 11 42 9 
worker 96 21 
workstat 1199 3 
world 802 282 757 260 1315 230 888 161 835 120 1097 104 598 88 680 80 1023 75 836 75 592 72 1195 66 1069 66 675 51 662 50 313 46 1021 44 1176 43 1007 37 77 36 593 33 1344 32 1177 21 1248 20 573 18 1194 18 204 18 646 16 1323 16 1297 16 69 16 373 15 1051 15 19 12 1056 11 176 11 1174 10 1026 10 345 9 1153 9 714 8 2 8 870 8 575 8 15 8 348 7 779 7 1348 6 798 6 1424 6 459 4 403 3 1445 3 1468 3 466 3 420 3 1197 2 434 1 454 1 1520 1 1250 1 
worth 1205 29 
wowow 961 26 
wreck 1023 15 
write 648 76 969 33 1065 31 1312 29 614 9 1517 8 1120 7 897 5 1137 3 
writer 757 1040 1097 520 648 456 297 432 1356 416 577 348 1312 290 969 264 1065 217 26 217 1249 210 675 204 600 180 77 180 327 174 1176 172 683 144 651 140 960 132 513 122 1081 120 699 112 1018 100 153 84 1471 80 1334 76 777 68 1021 66 96 63 599 63 1055 60 783 57 1069 44 687 40 1463 39 86 38 204 36 105 32 658 30 1229 29 759 28 1236 26 85 24 202 24 223 23 1342 22 131 20 237 18 87 17 797 16 536 15 1099 8 
wuxia 1518 35 
www 621 24 
württemberg 315 10 
x68000 1302 34 
x86 1184 4 120 4 
xbox 715 25 
xi 888 46 
yacoub 330 10 
yahoo 79 17 
yale 657 76 297 72 867 41 296 18 
yamuna 162 6 
yanke 765 31 216 27 592 12 
yard 1325 10 
year 888 46 804 35 319 26 1115 24 994 21 1055 20 16 9 17 9 1061 8 1180 8 984 7 91 6 587 6 569 4 1274 3 
yemen 664 205 
yeshiva 202 24 
yodel 1002 24 
yoho 339 11 
yom 44 39 
york 1081 280 1111 180 77 180 1249 168 1007 148 297 144 771 130 85 96 647 84 1001 80 1354 68 765 62 704 55 501 54 87 51 1115 48 1035 44 1463 39 592 36 1229 29 254 29 213 26 285 24 854 24 1135 23 153 21 809 20 595 20 79 17 1077 15 1114 10 562 8 1036 5 
yorkshir 1020 50 804 35 
yoruba 192 7 
young 1354 68 5 24 