tercentenari 1471 1 648 1 
tercera 1021 1 
tercerafundacion 1021 2 
term 619 1 1356 1 974 1 
terra 599 1 
terraingalleri 933 1 
terrestri 1185 1 
terrifi 1356 1 
territori 1425 1 1214 1 852 1 
terror 221 1 
test 804 1 935 1 1126 1 888 1 1117 1 
testament 546 2 648 1 
testb 134 1 
testo 235 1 
tetri 89 3 
texa 1205 1 794 1 1232 1 282 1 
texan 1205 1 
texashistori 282 2 
texasplayboy 1205 1 
texastech 1232 1 
text 1495 5 327 4 1292 4 664 3 685 2 1001 2 1174 2 906 2 195 2 64 2 97 1 103 1 699 1 348 1 1327 1 709 1 642 1 1275 1 26 1 96 1 1031 1 1025 1 176 1 1458 1 781 1 570 1 1156 1 329 1 40 1 1226 1 1116 1 
textbook 1434 1 1444 1 671 1 
textid 97 1 
textuali 1227 1 
tf70000535 1097 1 
tgoa_47 176 1 
th 394 2 1227 2 1325 2 127 1 1283 1 691 1 648 1 617 1 580 1 120 1 1355 1 1201 1 187 1 
th_century_battleship_overview 691 1 
th_edit 687 1 
thacker 1300 1 
thackeray 536 2 
thamazight 1116 1 
thame 1023 1 
thayer 1327 1 
the_beginning_of_the_cold_war 1479 1 
the_canon_of_scriptur 546 1 
the_concert 351 1 
the_division_of_europ 1479 1 
the_division_of_europe_according_to_winston_churchill_and_joseph_stalin_1944 1479 1 
the_meaning_of_the_butterfli 671 1 
the_westminster_hour 600 1 
theanaisninfound 26 1 
theaterguildontheair 176 1 
theatr 723 4 97 1 176 1 77 1 42 1 
theaviationgeekclub 912 1 
theballpoint 996 1 
thebigdig 855 1 
thebipm 1142 1 
theblu 293 1 
theboogiedownproduct 562 1 
thebrain 488 1 
thebronxmarket 285 1 
thecanadianencyclopedia 1449 2 913 1 
theclash 1357 2 
theconvers 1011 2 
thedesignoftheinfinitydatabaseengin 1103 1 
thedoteat 54 1 
thefreedictionari 792 1 
thegameconsol 54 2 
thegeneralist 1012 1 
theglobaleducationproject 1185 1 
theguardian 1341 5 1021 1 491 1 
thehepstar 507 1 
theirishplac 580 1 
thelen 999 1 
theme 311 1 
theme3 963 1 
themodernepochandtheemergenceofthemoderncalcul 699 1 
themontrealreview 327 1 
themorgan 969 1 
theoi 1156 1 
theolog 327 1 
theologico 327 3 
theorem 718 3 
theori 917 3 329 1 1126 1 73 1 933 1 544 1 
theparisreview 1097 1 
thepupillagepag 1214 1 
theregist 1154 1 632 1 
theritualmurderlibelandthejew 1283 1 
thermal 73 1 
thermo 935 1 
thermopedia 73 6 
thesaurus 1495 1 974 1 
thesi 1478 1 66 1 
thesitepk 405 1 
thetowntalk 138 1 
theweekinchess 1415 1 
thierri 1018 1 
thing 97 3 699 1 687 1 1086 1 183 1 972 1 
think 1065 1 26 1 
thirteen 1274 1 
thisdayonlin 1155 1 
thoma 1283 1 327 1 
thompson 1174 1 
thordarson 329 1 
thorjørn 249 1 
thought 1031 1 
thousand 972 1 1458 1 
threadid 29 1 
threat 910 3 
three 55 1 1322 1 73 1 
throgg 285 1 
throggsneckmerch 285 1 
thrush 249 1 
thumb 360 1 
thumbnail 716 1 1131 1 360 1 693 1 
thuto 416 3 
ticket 901 1 
tie 395 2 
tiffani 1205 1 
tiffanytranscript 1205 1 
tifinagh 1116 2 
tigger 648 1 
tight 854 1 
tim 1133 2 
timber 320 1 
time 1478 3 1102 3 648 3 692 3 1463 3 285 2 327 2 874 2 554 2 804 2 1226 2 488 1 933 1 662 1 348 1 699 1 977 1 893 1 627 1 938 1 595 1 1051 1 40 1 73 1 
timelin 486 3 791 2 689 1 
timesonlin 204 1 1051 1 
timet 901 3 
tinc 985 3 
tinet 1269 1 
tip 1303 1 
tips_bid 1303 1 
titl 1170 1 374 1 976 1 592 1 689 1 1227 1 642 1 360 1 1337 1 
titrat 249 1 
tjs 1216 2 
tjunttil 1126 2 
tl 1471 1 1495 1 
tlg 1433 1 
tls 204 2 
tmba 932 1 
tmqgi 1185 1 
tn 120 1 
tnc_play_stream 687 1 
tnmoc 680 1 
to1809 127 1 
to1964 1154 1 
to_hear_your_banjo_play 580 1 
tocs_map 901 1 
today 1002 1 1132 1 963 1 983 1 536 1 592 1 1058 1 
todaysinspir 86 1 
todd 67 1 
togeth 963 1 1259 1 
togo 403 1 466 1 
tol 1051 1 
toler 327 1 
tolman 1174 1 
tolweb 977 1 1487 1 
tom 1078 1 1131 1 1354 1 
tomographi 212 1 
ton 767 1 
tongu 1356 1 
toni 680 1 217 1 
tool 302 3 1126 2 1458 1 1287 1 891 1 
toonopedia 342 3 
toout 594 1 
top 395 2 1125 1 488 1 1102 1 1463 1 
top10list 1102 1 
top40 1102 1 
topcod 1513 2 
topic 1147 2 249 1 1123 1 846 1 312 1 818 1 1117 1 1300 1 1455 1 
topic428 1147 1 
topstori 86 1 
tor 394 2 
torah 894 1 
toronto 1442 3 
total 553 1 671 1 
tour 606 2 680 1 1067 1 
tourism 1307 3 359 1 318 1 1259 1 524 1 937 1 817 1 368 1 224 1 1426 1 483 1 
tourismus 523 1 
tourismus_kultur_sport_freizeit 266 1 
tourist 373 1 314 1 524 1 207 1 266 1 
tovnah 1458 1 
toward 1479 2 
tower 1080 1 
town 236 1 1144 1 138 1 
toxic 312 1 
toy 86 1 
tp 1102 1 
tpg 73 1 
tpn 580 1 
tpt00 327 1 
tr 359 2 891 1 
tr17 1504 1 
track 913 2 309 2 403 1 466 1 
trade 1189 4 420 2 403 2 466 2 477 2 395 2 374 1 523 1 367 1 595 1 
tradeflow 1445 1 
trademap 420 1 403 1 466 1 477 1 
tradit 580 2 1282 1 1034 1 852 1 
traditionalmus 1034 1 
traductor 1495 2 
traffic 349 1 352 1 1067 1 
tragedi 249 1 
trailer 972 1 
train 393 2 1196 2 212 1 594 1 1214 1 
trainer 1495 1 
tramway 1259 1 
tran 699 1 762 1 
transcrib 327 1 648 1 
transcript 1193 2 195 1 6 1 1205 1 632 1 648 1 
transform 983 1 
transit 55 1 
translat 1495 6 327 3 894 3 1517 3 1174 2 546 2 906 2 1079 1 709 1 348 1 1018 1 599 1 1226 1 1001 1 836 1 1482 1 
translate_t 1495 1 
transliter 1174 1 
transpar 433 1 
transport 689 2 398 1 461 1 1067 1 
transport_bulgaria 461 1 
travail 1300 1 
travel 901 2 173 2 127 1 680 1 874 1 1495 1 1519 1 1067 1 1031 1 1019 1 1356 1 366 1 
travelin 1012 1 
tre 664 1 
treasur 1031 2 648 1 
treasuri 1284 1 
treat 327 1 
treati 664 2 64 2 
treatis 327 4 
treatment 1170 1 599 1 
tree 1103 14 1487 2 977 2 857 2 1025 1 
tree_and_ub 1103 1 
treebrows 641 1 
treemap 367 1 
tri 687 1 1126 1 751 1 
triangl 718 1 
triangular_dipyramid 751 1 
tribe 127 1 845 1 99 1 852 1 
tribut 86 2 662 1 1275 1 
trick 120 1 
triest 1325 3 1126 1 
trigger 1341 1 
trio 349 3 348 1 
tripod 680 1 226 1 619 1 
trobat 1495 1 
trolley 927 1 
trope 1463 1 
tropic 366 1 
troubl 249 1 1185 1 
trouble_in_the_forest 249 1 
trti 64 3 
truck 461 1 
true 783 1 477 1 195 1 420 1 403 1 466 1 327 1 
trumanlibrari 1479 1 
trump 195 2 
truss 55 1 
trust 979 2 1097 2 1215 2 680 1 909 1 600 1 636 1 373 1 1354 1 
truste 1117 1 1196 1 
trutv 213 1 
trzynastoletnia 1274 1 
ts 370 1 
tt 176 1 
ttitl 1167 1 
tuberculosi 779 1 
tudelft 1126 1 
tuesday 1341 1 
tuft 1433 1 976 1 
tumblr 577 1 
tundra 1185 1 
tunn 709 1 
turbobooksnob 940 1 
ture 680 2 
turistguid 532 1 
turkheim 1186 1 
tut 1504 1 
tutor 580 1 
tutori 1186 2 1513 2 1103 2 1 1 
tv 138 3 311 2 632 2 89 2 1065 1 1355 1 1463 1 500 1 1349 1 687 1 834 1 918 1 1341 1 1078 1 1284 1 397 1 932 1 1307 1 
tvland 311 2 
tvtrope 1463 1 
tw 974 1 
tweed 1111 3 
twentieth 1216 1 
two 367 1 1018 1 
txt 1497 1 1023 1 1174 1 546 1 
txt_sammlung 73 1 
txtav 834 1 
tyee 36 1 
tymerski 1068 1 
tyndal 546 3 
type 18 2 1185 1 1513 1 925 1 1083 1 88 1 
typeid 6 1 
typepad 804 1 327 1 
typic 1196 1 
tzm 1116 1 
télévision 478 1 
u 1189 3 1117 2 1449 2 320 2 195 2 935 1 1341 1 592 1 293 1 1289 1 1132 1 1513 1 56 1 1479 1 912 1 205 1 312 1 134 1 1196 1 918 1 689 1 2 1 1215 1 366 1 187 1 
ua 918 2 1311 1 
uae 976 2 
uaf 99 1 917 1 
ub 1103 1 
ubb 901 1 
ubc 716 1 921 1 1126 1 
ubcsat 1126 3 
ubh 416 3 
ubiquit 577 1 
ubu 797 1 
ubuweb 797 1 
uc 797 1 1463 1 
ucar 1300 1 
ucb 1425 1 374 1 366 1 362 1 373 1 367 1 370 1 333 1 360 1 371 1 
ucblibrari 1425 2 374 1 366 1 362 1 373 1 367 1 370 1 333 1 360 1 371 1 
ucc 910 1 
uchicago 1327 1 
uci 1433 1 
ucla 731 2 1123 1 1126 1 1117 1 
ucm 699 1 
ucmp 1471 1 
uconn 100 1 
ucr 1086 1 
ucsb 1034 2 
ucsd 1325 1 
udel 648 1 
udl 1126 2 
ufl 915 1 
uganda 731 1 
ugandatravelguid 731 2 
uhistori 1283 1 
uic 648 1 
uindex 974 1 
uiuc 329 1 
uj39 1097 2 
uk 1356 7 680 7 1023 7 1154 6 901 6 1341 5 600 5 1065 5 204 4 636 4 594 3 969 3 1214 3 699 3 641 3 1298 3 1479 3 1322 3 1034 3 1117 2 327 2 1112 2 374 2 1357 2 1170 2 329 2 932 2 640 2 1104 2 1275 2 1196 2 1051 2 1155 2 66 2 688 2 92 2 1284 2 175 2 1282 2 489 2 422 2 913 2 691 1 1046 1 863 1 762 1 367 1 29 1 938 1 507 1 500 1 322 1 1227 1 120 1 1056 1 536 1 1221 1 598 1 1349 1 351 1 752 1 909 1 1021 1 1420 1 875 1 89 1 996 1 1031 1 176 1 1292 1 134 1 1517 1 306 1 804 1 1358 1 802 1 979 1 73 1 366 1 371 1 1455 1 933 1 1015 1 624 1 370 1 1519 1 1058 1 1269 1 488 1 1513 1 373 1 1012 1 461 1 1352 1 1103 1 918 1 116 1 152 1 127 1 249 1 779 1 1355 1 790 1 651 1 627 1 1080 1 632 1 874 1 1222 1 226 1 982 1 662 1 1325 1 609 1 940 1 360 1 816 1 
uk_new 996 1 
ukbgf 863 1 
ukfs_new 1031 1 
ukrain 918 2 395 2 1311 1 
ukrainian 1311 2 
uktv 1065 3 
ulst 1341 2 
ultim 368 1 
ultranet 103 1 
ultrason 73 2 
uludag 359 2 
ulvaeus 507 1 
um 361 1 
umc 546 2 
umcmiss 1290 1 
umich 699 1 134 1 
umn 999 8 32 1 
umw 546 1 
un 664 3 422 2 468 2 213 1 976 1 438 1 1425 1 1058 1 
unalaska 99 2 
unc 297 2 
unco 1355 1 
uncrown 536 1 
underground 1275 1 
understand 1239 1 728 1 
undertheradar 1031 1 
unep 664 1 316 1 
unesco 1174 2 1056 2 316 1 
unhcr 1441 3 
uni 1519 2 1097 1 933 1 
unib 1482 1 
unic 1287 1 
unicod 1504 5 1458 2 749 2 
uniform 55 4 751 1 394 1 
uniformhoneycomb 55 1 
unig 204 1 
unijourn 1097 1 
unilang 749 2 
unilev 1298 3 
union 918 4 187 1 394 1 397 1 664 1 1479 1 414 1 395 1 1482 1 
unipoli 55 1 751 1 
uniqu 836 1 
unisa 692 1 
unisi 999 1 
unit 976 2 1449 2 1015 2 1425 2 1482 2 438 1 80 1 767 1 1023 1 403 1 910 1 302 1 1058 1 546 1 703 1 802 1 779 1 1239 1 1189 1 466 1 1117 1 
unithistori 598 1 
uniti 127 1 
unitjuggl 565 1 
univers 999 7 1090 5 1471 5 728 3 1442 3 963 3 648 3 312 2 1354 2 1227 2 348 2 1021 2 1433 2 320 2 80 1 518 1 933 1 416 1 233 1 1519 1 600 1 504 1 519 1 367 1 1282 1 1025 1 1097 1 969 1 546 1 921 1 26 1 782 1 1283 1 488 1 687 1 940 1 790 1 794 1 1196 1 1478 1 1517 1 134 1 306 1 689 1 516 1 1507 1 836 1 32 1 
unixhistori 687 1 
unjustifi 1341 1 
unknown 1513 1 
unknownform 1513 1 
unlock 120 1 
unm 329 1 
unnam 1167 1 
unoffici 1463 1 999 1 1357 1 
unproduc 1131 1 
unr 1090 5 
unrol 1482 1 
unsd 1425 1 
unstat 1425 1 
unsw 1282 2 1301 1 
unt 282 2 
untitledpost 1123 1 
unweight 1126 1 
unwelcom 213 1 
uoa 790 1 
uoguelph 1294 1 
upcom 1158 1 
updat 940 1 
upe 32 1 
upenn 1018 2 648 1 
upenn_rbml_mscoll900 648 1 
upload 781 1 1126 1 395 1 
upon 642 1 1023 1 728 1 
upp 397 2 
upplev 1056 1 
uppsala 1471 2 
upsilon 32 1 
upv 504 1 1495 1 
uq 963 2 
urban 1283 1 976 1 
uri 974 1 
url 1170 1 1214 1 1519 1 342 1 
urn 1471 2 
us 36 7 56 2 855 2 1142 2 1458 2 395 2 891 2 408 1 1504 1 1079 1 233 1 709 1 863 1 600 1 1 1 749 1 592 1 983 1 925 1 1223 1 1441 1 648 1 783 1 217 1 976 1 1189 1 1333 1 674 1 64 1 1117 1 
usa 86 1 213 1 217 1 312 1 592 1 891 1 
usaf 183 1 
usatoday 976 1 592 1 
usbgf 863 1 
usbiathlon 918 1 
uscod 195 1 
uscourt 1117 3 
usdoj 1117 1 
use 1126 2 1292 2 972 1 120 1 73 1 1507 1 1183 1 518 1 910 1 619 1 891 1 
usembassi 1449 1 
usenet 985 3 
user 1126 3 688 2 86 1 103 1 1237 1 1349 1 1046 1 632 1 73 1 983 1 1282 1 699 1 29 1 
usesthi 687 1 
usf 1327 1 1021 1 
usg 520 2 312 1 173 1 
ushistori 648 5 
usp 249 1 
usr 688 2 
ussartf 1015 1 
ust 1117 2 
usuario 599 1 
ut 1433 1 1186 1 
utah 1354 4 
utexa 366 1 794 1 56 1 
utf 1495 1 
utf8 1002 1 1268 1 
utisz 1001 1 
utm 62 1 1226 1 
utm_medium 674 1 
utm_sourc 674 1 
utoronto 1442 2 
utulsa 890 1 
utv 1341 1 
uu 1471 1 
uuj6jrrdbvddpzeeswzw 1185 1 
uum_ttb 1354 1 
uvic 693 1 
uvm 1227 1 
uw 18 2 
uwm 360 1 
v 86 2 195 2 1185 2 1497 2 1123 1 935 1 1355 1 282 1 999 1 1311 1 1479 1 687 1 910 1 133 1 1103 1 836 1 1517 1 629 1 255 1 735 1 684 1 
v1 1167 1 
v17n2 48 1 
v2 1126 1 
v29 204 1 
v__omaru0k 1185 1 
v_asgzd7w8 910 1 
va 1025 1 1068 1 
vafilterdesign_2 1068 1 
val 627 1 
valcoderev 1025 1 
vale 92 2 
valenciana 1495 1 
valencià 1495 2 
valid 299 1 
valley 767 1 
valu 459 1 974 1 29 1 
valuabl 586 1 
valv 1282 3 
vam 969 1 
van 351 1 135 1 187 1 917 1 
vand 299 1 
vanderbilt 299 1 
vanderkrogt 518 1 
vane 73 1 
vanheusden 709 1 
variat 348 1 29 1 
varieti 826 1 
various 302 1 1001 1 416 1 642 1 857 1 1482 1 
varldsarv 1056 1 
vasilief 489 2 
vat 459 1 
vault 213 1 1420 1 
vb 976 1 
vbmk33 365 1 
vbqh4 1185 1 
vector 395 2 1126 1 
veggi 1298 1 
veka 1097 1 
veloc 935 1 
ven 319 1 
venezuelan 893 1 
ver 1126 1 1021 1 
verb 1495 3 518 1 
verg 963 2 
verif 1126 1 
vermont 1227 1 
veroeffentlichungen 523 1 
versa 565 1 
versewisconsin 1007 1 
version 894 7 1103 1 1079 1 1156 1 96 1 327 1 648 1 
vertex 55 1 
veryderri 1341 1 
veterinari 594 1 
vg 373 2 
vi 632 3 
via 797 1 1463 1 327 1 
vic 1307 1 
vicbar 1214 1 
vice 365 2 565 1 
victim 783 1 1341 1 
victimsearch 783 1 
victori 685 2 1332 1 
victoria 969 1 1307 1 
victorian 1214 1 
vid 1167 1 327 1 
video 632 3 870 3 687 3 977 3 54 2 1349 2 519 2 312 2 1078 2 1185 2 782 2 723 2 486 2 518 2 500 2 516 2 1507 2 297 1 1341 1 56 1 1282 1 1311 1 594 1 972 1 1167 1 212 1 595 1 133 1 329 1 26 1 1123 1 935 1 282 1 1497 1 834 1 938 1 327 1 89 1 735 1 1031 1 1344 1 999 1 648 1 913 1 836 1 963 1 
video_bruce_perens_ueber_open_source_lizenzen 595 1 
videogameconsolelibrari 54 1 
videoplay 1349 1 
vienna 348 1 
view 1086 2 1167 2 285 1 54 1 664 1 699 1 55 1 1125 1 802 1 92 1 1205 1 89 1 974 1 996 1 1152 1 1216 1 1034 1 1227 1 1226 1 42 1 915 1 643 1 
view_structur 88 1 
view_tab 1152 1 
viewdocu 159 1 
viewer 910 1 
viewinterview 1097 1 
viewitem 1354 1 
vigyanprasar 963 1 
viin 632 1 
vike 762 1 
vikingbronz 762 1 
vill 1144 1 
vimeo 671 1 
vincent 811 1 
vinci 687 1 
vintagebanjomak 580 1 
violenc 1341 1 
violin 352 2 
virgem 731 1 
virgin 373 9 
virginia 1478 3 999 2 648 2 1186 1 297 1 1482 1 933 1 
virtu 648 1 
virtual 751 12 55 2 662 2 680 1 972 1 1001 1 598 1 1067 1 1103 1 1283 1 797 1 1007 1 1161 1 1205 1 
virtualmuseum 609 1 
viscount 598 1 
vision 329 1 
visit 365 2 1307 1 636 1 138 1 1078 1 483 1 
visitazor 224 1 
visitballarat 1307 1 
visitbrasil 314 1 
visitcopenhagen 1426 3 
visitor 213 2 173 1 
visitvictoria 1307 1 
vistmain 368 1 
visual 804 1 857 1 999 1 1357 1 
visualis 1103 1 
vita1_turkheim 1186 1 
vitalgraph 664 1 
vivian 488 1 
vivom 606 2 
vjf 1025 1 
vlaamseregulatormedia 397 1 
vocabulari 1495 1 1458 1 749 1 
voic 1090 2 536 1 854 1 632 1 1275 1 
voicesofoklahoma 854 1 
voitur 979 1 
vojnaindustrija 414 1 
vol 1471 1 1311 1 1274 1 
volgadmin 836 1 
volgograd 836 2 
volum 127 1 55 1 699 1 327 1 
voluntari 977 1 
von 1023 2 1471 1 
vote 704 1 641 1 
vote2001 641 1 
vow 461 1 
voy 1495 2 1458 1 
voz 1144 1 
vp 55 1 751 1 
vps 461 1 
vpsrc 461 1 
vrm 397 1 
vrml 751 9 55 1 
vs 703 2 120 1 
vts 906 1 
vul 906 1 
vulcan 1167 2 
vulner 891 2 
vvdailypress 1325 1 
vxbitrat 1078 1 
vxchannel 1078 1 
vxclipid 1078 1 
vxsiteid 1078 1 
w 1021 2 103 1 963 1 56 1 1322 1 910 1 1517 1 
w3jpm6w 1214 1 
w3school 1 2 
wabar 1214 1 
wahid 594 2 
wait 1100 2 
waitmeturkey 812 1 
wal 749 2 
waldeck 1471 1 
waldman 871 1 
wale 1282 1 1214 1 
walk 1067 3 550 2 
walkhighland 1080 1 
wall 491 4 
wallac 488 1 
wals_code_bul 749 1 
walsh 1325 1 
walter 461 1 
walton 1356 1 
wami 403 1 466 1 
wander 297 1 
want 212 1 
war 1479 5 689 2 598 1 691 1 1274 1 680 1 195 1 1023 1 1215 1 836 1 999 1 1332 1 
war_on_terror 1058 1 
warhead 217 1 
warm 1300 1 205 1 
warmwel 594 2 
warn 1479 1 
warnerbro 1183 1 1136 1 
warship_directori 691 1 
warszawa 1274 1 
washington 689 2 1449 2 716 1 348 1 1102 1 
washingtonpost 783 1 
washingtontim 1102 1 
wast 664 4 1154 1 
watch 1497 2 1185 2 311 1 935 1 282 1 1311 1 972 1 133 1 1103 1 1355 1 632 1 836 1 255 1 735 1 684 1 
water 1226 2 249 1 890 1 316 1 92 1 366 1 
waterfront 767 1 
waterfrontmuseum 767 1 
waterscap 767 1 
watersh 173 1 
watervill 1420 2 
waterway 767 1 
watkin 195 2 
watt 921 1 
wave 1011 2 
wavedirect 1047 1 
wax 762 2 890 1 
way 97 3 1067 2 1078 1 802 1 1126 1 
wayback 1463 1 
waysideaudio 1018 2 
wbbya9xhvhi 282 1 
wbf 654 1 
wbsite 405 1 
wd4pslu83ff6oma1e19mf 309 1 
wdl 432 2 1111 1 1332 1 
wdytya_s1_celeb_gallery_01 1065 1 
weak 891 1 
weapon 217 2 910 2 1294 1 
wear 1356 2 
weather 671 1 1015 1 
web 1495 25 395 24 195 15 594 14 976 12 648 12 546 10 664 10 249 10 327 10 891 10 36 8 359 8 374 8 632 8 285 8 1090 8 414 8 1052 8 1117 8 1116 8 1025 8 674 8 1482 8 723 8 348 8 1322 8 963 8 1341 7 532 7 910 7 316 6 1441 6 1303 6 1471 6 394 6 680 6 213 6 1507 6 526 6 1259 6 731 6 1126 6 969 6 1463 6 1215 6 687 6 1205 6 366 6 1058 6 735 6 1478 6 762 5 1282 5 1196 5 599 5 500 5 1079 4 1356 4 749 4 367 4 462 4 811 4 1349 4 1155 4 1123 4 990 4 1425 4 1021 4 999 4 233 4 1209 4 1479 4 609 4 1283 4 627 4 1080 4 1034 4 56 4 1174 4 329 4 120 4 77 4 1156 4 1132 4 1131 4 1001 4 1275 4 92 4 370 4 66 4 901 4 1183 4 983 4 790 4 486 4 783 4 913 4 1232 4 187 4 834 3 1339 3 874 3 557 3 127 3 1018 3 1029 3 1154 2 433 2 1340 2 362 2 938 2 1100 2 1458 2 312 2 1078 2 204 2 1056 2 438 2 870 2 1497 2 1086 2 48 2 234 2 909 2 1065 2 1433 2 996 2 478 2 306 2 302 2 1051 2 689 2 1216 2 371 2 103 2 826 2 933 2 812 2 403 2 631 2 716 2 459 2 953 2 1449 2 912 2 646 2 1023 2 135 2 1307 2 1186 2 539 2 1310 2 154 2 489 2 138 2 333 2 562 2 617 2 802 2 410 2 893 2 1201 2 368 2 437 2 1158 2 626 2 1136 2 781 2 408 2 1290 2 1227 2 226 2 1046 2 977 2 855 2 153 2 183 2 29 2 507 2 595 2 974 2 1125 2 932 2 753 2 1337 2 699 2 1294 2 640 2 1222 2 89 2 1344 2 764 2 1291 2 134 2 415 2 580 2 979 2 520 2 42 2 6 2 985 2 297 2 318 2 1443 2 639 2 1300 2 925 2 1311 2 890 2 972 2 585 2 221 2 373 2 483 2 1103 2 916 2 1354 2 918 2 1239 2 420 2 220 2 97 2 935 2 1039 2 1444 2 518 2 236 2 293 2 771 2 504 2 940 2 1355 2 1332 2 86 2 598 2 99 2 1145 2 159 2 1189 2 254 2 1012 2 836 2 1289 1 917 1 1487 1 1068 1 1002 1 1301 1 703 1 405 1 
webbrd 1117 1 
webcast 1058 2 
webcd 299 1 
webcit 1214 1 342 1 
webdeleuz 327 1 
webmedia 687 1 
webmuseum 627 1 
webpag 1144 1 
websit 1479 5 438 4 789 3 1065 2 1153 2 318 2 523 2 1209 2 1223 2 1216 2 1340 2 937 2 1298 2 544 2 80 1 818 1 1144 1 1079 1 153 1 1117 1 137 1 327 1 1341 1 1125 1 704 1 1051 1 814 1 646 1 1311 1 874 1 1165 1 392 1 507 1 394 1 817 1 373 1 609 1 1357 1 483 1 1307 1 89 1 647 1 811 1 723 1 1183 1 1426 1 557 1 97 1 285 1 295 1 664 1 236 1 1025 1 1263 1 266 1 365 1 234 1 1115 1 636 1 1420 1 1128 1 368 1 330 1 598 1 160 1 1145 1 1081 1 524 1 108 1 173 1 906 1 617 1 976 1 187 1 42 1 1478 1 532 1 366 1 1259 1 
webster 1495 2 
wednesday 1341 1 
weebli 631 1 
week 680 2 318 1 285 1 600 1 403 1 466 1 1415 1 
weeklystandard 600 1 
wegm 489 2 
wehrmacht 836 2 
weight 1126 1 
weingartn 348 1 
weir 1078 2 
weiter 526 1 
welcom 395 2 213 1 815 1 1471 1 
well 55 1 501 1 408 1 62 1 
wellesbib 1463 1 
welsh 1034 2 
werden 1282 1 
werkseite_digitales_archiv_en 351 1 
wesley 1290 3 
west 403 2 466 2 789 1 731 1 
westchest 1111 1 
western 159 1 1478 1 367 1 1201 1 546 1 1214 1 914 1 
westernbalkan 1201 1 
westernmus 1478 1 
wf 1136 1 
wfg 790 1 
wg12 316 1 
wgbh 1463 1 910 1 297 1 1097 1 855 1 
what 640 1 
whatisbiotechnolog 983 1 
whc 1174 1 1056 1 
whcra 925 1 
wheatcroft 600 1 
wheelchair 609 1 
whisper 932 1 
whistl 48 5 
whistlestop 1479 1 
white 297 2 1067 2 299 1 1444 1 
whitehous 297 1 
whitepap 891 2 
whiteval 816 1 
whkmla 66 1 
whoi 478 1 
whole 329 1 
whoswho 723 1 
widgeri 1341 2 
width 1519 1 
wieman 963 1 
wien 1441 1 
wife 685 2 783 1 
wiki 1458 2 1495 2 1023 2 977 2 749 2 1223 1 1025 1 54 1 394 1 1283 1 1014 1 29 1 
wiki_bev 311 1 
wikibook 1025 2 
wikidoc 1025 1 
wikidot 1356 1 
wikimedia 1283 1 
wikiot 1458 2 
wikisourc 894 1 
wikivoyag 1495 1 1458 1 
wikt 1025 1 
wiktionari 1458 3 749 3 1495 3 1025 1 
wild 1065 1 913 1 1185 1 1015 1 
wildlif 366 2 361 1 329 1 914 1 
wildlifeart 762 1 
wildlifebel 366 1 
wilk 1115 1 
wilkinson 728 1 
will 1205 2 1275 2 
willi 1012 4 
william 1283 2 999 2 40 1 297 1 1111 1 348 1 1018 1 
williamson 1021 1 
wilson 329 2 
wim 1287 3 
wimbledon 1051 2 
wimbledon_histori 1051 1 
wimmer 811 1 
wind 73 1 
window 1458 4 1154 1 1126 1 1 1 
wing 723 2 77 1 1310 1 
wingsuit 932 1 
winner 586 2 1029 1 
winsat 1126 2 
winston 1479 1 
winter 1415 1 
wintercent 1015 1 
wire 1021 2 577 2 
wireless 1047 2 
wirz 887 1 293 1 1029 1 1012 1 
wisc 716 1 
wisconsin 438 1 790 1 
wispa 1047 1 
wit 935 2 367 1 204 1 1445 1 374 1 
withdraw 1170 1 64 1 
wkarrer 1029 1 
wm 627 1 1111 1 
wma 1478 1 
wmap 728 1 
wmd 912 1 1291 1 
wmus_asroc 217 1 
wmv 1167 1 
wnba 609 1 
wnc 990 1 
wnet 1031 1 
wojna 1274 1 
wojskowi 1274 1 
wolf 577 1 42 1 
wolfliv 577 1 
wolfram 1121 2 159 1 
wolframsci 29 1 
women 609 1 925 1 933 1 
wonder 855 1 
wood 1111 2 249 1 1294 1 
woodwind 790 1 
woodworth 648 1 
word 1495 2 749 2 594 1 1025 1 1079 1 592 1 1116 1 647 1 1015 1 619 1 648 1 
word_segment 1458 1 
wordpress 1186 1 836 1 1513 1 891 1 48 1 1275 1 
work 999 3 159 3 723 2 671 2 1021 2 1170 2 486 2 648 2 1123 1 680 1 699 1 687 1 351 1 327 1 1275 1 1090 1 1471 1 127 1 1142 1 1145 1 969 1 1018 1 1356 1 374 1 26 1 599 1 912 1 
workbook 1079 1 
workbook_kiwi 1052 1 
workshop 120 1 
world 367 4 437 4 594 3 1445 3 361 2 685 2 1425 2 1185 2 459 2 374 2 1325 2 689 2 1011 2 691 1 370 1 631 1 1058 1 433 1 1111 1 654 1 749 1 362 1 491 1 1174 1 405 1 221 1 534 1 609 1 716 1 1023 1 329 1 976 1 818 1 536 1 932 1 1459 1 598 1 1086 1 1147 1 779 1 1090 1 1420 1 983 1 1322 1 863 1 1332 1 1080 1 999 1 1136 1 1155 1 802 1 254 1 1415 1 626 1 371 1 
worldbadminton 626 1 
worldbandi 938 1 
worldbank 1445 2 367 1 405 1 374 1 
worldbiom 1185 2 
worldbridg 654 1 
worldmusiccentr 254 1 
worldsfinestonlin 1136 1 
worldwar1 1023 2 691 1 
worldwid 818 2 594 1 234 1 914 1 329 1 
worship 1292 2 1290 1 
worst 1015 1 
wp 781 1 783 1 
wpr 790 1 
wps 486 1 
wright 648 1 
write 648 4 29 1 846 1 891 1 749 1 996 1 687 1 90 1 1126 1 1356 1 
writer 1021 1 648 1 
written 1126 3 836 1 1227 1 642 1 29 1 
wrl 751 8 
wrong 671 1 
ws 592 1 
wsj 925 1 
wsu 348 1 
wtj 1023 1 
ww 580 1 
ww1 1023 1 
wwi 1023 1 
wwii 836 1 598 1 
www 1126 19 285 18 648 16 1495 15 1214 14 1322 13 751 12 327 12 1215 12 609 12 1023 12 1341 11 790 11 195 11 249 10 397 10 234 9 976 9 1282 9 594 9 204 9 680 9 392 9 329 9 1479 9 664 9 1018 9 1478 9 1154 8 373 8 1116 8 1471 8 1463 8 891 8 918 8 836 8 1356 8 1117 8 1196 7 626 7 731 7 1025 7 500 7 66 7 293 7 127 7 906 7 1275 7 73 7 688 7 297 7 901 7 92 7 1079 6 546 6 374 6 489 6 627 6 1034 6 29 6 1445 6 54 6 811 6 438 6 173 6 120 6 797 5 600 5 963 5 894 5 1415 5 213 5 507 5 1001 5 1205 5 580 5 366 5 1441 5 1259 5 365 5 598 5 99 5 486 5 749 5 414 5 532 5 523 5 1283 5 368 5 1433 5 910 5 1 5 632 5 977 5 183 5 735 5 1303 5 687 5 767 5 1183 5 802 5 138 5 699 5 1058 5 26 5 912 5 348 5 1097 5 1012 5 915 5 311 4 312 4 318 4 1021 4 1090 4 1142 4 1067 4 282 4 55 4 642 4 1102 4 874 4 1125 4 636 4 1031 4 1185 4 674 4 342 4 1065 4 254 4 938 4 1123 4 1497 4 804 4 1307 4 1144 4 56 4 969 4 983 4 1292 4 266 4 979 4 42 4 985 4 190 4 925 4 585 4 1103 4 1239 4 187 4 691 3 1078 3 48 3 1420 3 999 3 599 3 437 3 933 3 1357 3 1504 3 1237 3 135 3 1186 3 1136 3 1339 3 1325 3 1507 3 1513 3 544 3 416 3 1174 3 1015 3 1227 3 640 3 1291 3 1517 3 1300 3 1482 3 461 3 662 3 935 3 1332 3 86 3 89 3 314 3 316 3 367 3 359 3 1155 3 1269 3 1284 3 723 3 1223 3 371 3 1051 3 1277 3 834 3 1147 3 1201 3 1046 3 1189 3 1161 3 491 3 1167 3 1002 3 134 3 1298 3 370 3 592 3 1311 3 890 3 972 3 483 3 319 3 177 3 974 3 176 2 361 2 606 2 850 2 96 2 1458 2 462 2 1104 2 692 2 351 2 917 2 18 2 233 2 265 2 716 2 154 2 40 2 1519 2 550 2 846 2 333 2 779 2 1263 2 893 2 1080 2 781 2 501 2 654 2 526 2 224 2 137 2 1111 2 855 2 718 2 932 2 1337 2 859 2 466 2 764 2 1216 2 524 2 1226 2 914 2 554 2 818 2 1131 2 1444 2 236 2 940 2 1355 2 1145 2 921 2 221 2 937 2 100 2 1340 2 362 2 996 2 205 2 689 2 1455 2 403 2 814 2 1449 2 153 2 1133 2 408 2 1047 2 709 2 299 2 322 2 643 2 939 2 80 2 1112 2 255 2 789 2 309 2 212 2 432 2 595 2 77 2 1294 2 1156 2 1232 2 845 2 792 2 320 2 226 2 1128 2 916 2 97 2 459 2 422 2 175 2 704 2 1153 2 1029 2 1052 2 1289 1 133 1 1344 1 1425 1 909 1 136 1 478 1 762 1 1209 1 1274 1 129 1 953 1 1310 1 1477 1 728 1 562 1 577 1 888 1 1290 1 863 1 715 1 519 1 553 1 646 1 415 1 395 1 557 1 488 1 1221 1 467 1 752 1 1222 1 1132 1 1083 1 160 1 1014 1 468 1 6 1 1141 1 1193 1 624 1 1085 1 870 1 398 1 982 1 424 1 235 1 1302 1 782 1 629 1 684 1 1333 1 771 1 108 1 617 1 217 1 1326 1 703 1 36 1 1100 1 1158 1 847 1 513 1 116 1 1056 1 817 1 871 1 729 1 131 1 990 1 1086 1 1115 1 1068 1 591 1 132 1 306 1 1109 1 220 1 421 1 103 1 671 1 812 1 887 1 631 1 477 1 1487 1 394 1 360 1 647 1 152 1 747 1 90 1 1165 1 410 1 565 1 509 1 518 1 1426 1 1327 1 178 1 302 1 765 1 1007 1 126 1 1170 1 959 1 407 1 4 1 1152 1 295 1 586 1 62 1 520 1 1139 1 1443 1 1349 1 1434 1 1301 1 639 1 67 1 534 1 589 1 1352 1 420 1 956 1 791 1 1003 1 651 1 794 1 590 1 783 1 913 1 815 1 516 1 504 1 
www14 1495 1 
www150 1443 1 
www2 249 1 233 1 836 1 1495 1 
www3 916 1 
www40 1443 1 
wybór 1274 1 
wydawniczi 1274 1 
x 1209 4 1443 2 680 1 794 1 963 1 1275 1 974 1 891 1 
x2010000 1443 1 
x2018005 1443 1 
x5 360 1 
x546276244 86 1 
x86 709 1 
xbit 120 1 
xbitlab 120 1 
xhtml 703 1 
xi 685 2 
xiv 627 1 1283 1 
xlinux 1103 2 826 1 
xml 1065 2 643 1 1 1 
xp 1458 2 
xq 40 1 
xql 1227 1 
xqtvvmcp 342 1 
xroad 1478 2 648 1 
xrs 311 1 
xscn 935 1 
xstructur 963 1 
y5160e 983 1 
y5160e00 983 1 
y9n0zjkunzw1sy3fzfppzszyt9qv 910 1 
ya_gruppa 394 1 
yadava 1125 1 
yale 648 2 
yalta 395 2 
yarchiv 735 1 
yarn 1065 1 
year 1136 3 135 2 632 2 959 2 1517 2 1126 1 1463 1 999 1 1445 1 1443 1 1170 1 374 1 1034 1 367 1 1322 1 1274 1 1332 1 
yes 367 4 183 2 1513 1 976 1 1478 1 1001 1 910 1 
yest 127 1 
yesterday 1132 1 
yil9b_l9y6i 938 1 
yildirim 812 1 
york 1067 3 285 2 767 2 1111 2 600 1 933 1 938 1 647 1 927 1 1449 1 1479 1 29 1 
yorker 204 1 297 1 
yorku 1283 1 
young 1354 4 586 2 
youtub 1497 3 935 2 1142 2 282 2 133 2 1185 2 254 2 1311 1 1103 1 1355 1 836 1 367 1 255 1 735 1 684 1 
ysangkok 1103 1 