0 2
19 3
43 1
54 1
69 1
84 1
95 1
105 1
118 1
133 1
144 1
159 1
172 1
185 1
196 1
211 1
223 1
238 1
250 1
260 1
275 21
421 6
463 1
475 1
489 1
503 10
574 1
589 1
603 1
617 1
628 1
641 3
667 1
678 1
692 1
705 1
718 1
729 1
744 6
788 1
800 1
813 2
832 1
845 1
858 5
896 1
909 1
922 1
936 1
947 1
959 1
971 1
984 1
997 1
1010 1
1023 1
1034 1
1047 1
1062 1
1075 1
1087 6
1130 2
1147 1
1158 1
1170 1
1182 1
1196 1
1210 1
1224 1
1238 1
1251 1
1265 1
1278 1
1290 1
1304 1
1317 1
1329 10
1401 1
1414 1
1427 1
1440 1
1453 1
1467 1
1480 2
1500 1
1513 1
1526 1
1539 1
1552 1
1565 1
1578 2
1599 1
1611 1
1624 1
1637 1
1650 1
1663 1
1676 1
1690 1
1703 10
1781 1
1794 1
1807 1
1820 3
1846 3
1874 1
1888 1
1902 1
1916 1
1929 1
1942 1
1955 1
1969 1
1981 4
2014 2
2034 1
2047 1
2060 1
2073 1
2086 2
2107 1
2121 1
2134 1
2147 2
2167 1
2180 2
2198 2
2219 9
2292 2
2312 3
2338 1
2350 2
2370 1
2382 1
2394 1
2407 3
2434 1
2448 2
2466 2
2486 2
2505 1
2516 2
2536 1
2548 1
2562 2
2580 3
2607 1
2620 2
2639 1
2650 2
2669 3
2697 1
2709 1
2722 1
2735 1
2747 1
2760 2
2781 1
2794 3
2821 2
2841 2
2861 1
2875 1
2889 2
2909 1
2922 1
2934 1
2947 1
2960 2
2981 2
3002 1
3015 3
3041 2
3061 1
3074 1
3089 1
3103 3
3130 1
3143 3
3171 2
3192 1
3206 1
3219 1
3232 1
3245 4
3279 4
3314 2
3336 1
3348 1
3362 2
3383 3
3409 4
3443 2
3464 1
3477 2
3498 1
3511 19
3650 2
3671 3
3700 4
3733 1
3747 1
3761 1
3774 3
3801 4
3834 1
3847 2
3868 1
3881 4
3916 5
3957 2
3978 6
4026 3
4055 1
4069 1
4080 2
4102 1
4114 1
4127 3
4155 4
4190 2
4211 3
4239 5
4278 3
4307 2
4326 3
4353 1
4366 4
4402 1
4415 5
4455 2
4475 1
4489 1
4503 6
4554 3
4583 5
4626 4
4661 4
4695 3
4724 3
4751 7
4803 8
4864 5
4902 6
4951 4
4985 2
5006 3
5032 3
5059 6
5108 4
5143 6
5192 4
5229 14
5338 4
5372 6
5422 2
5443 5
5480 1
5494 6
5544 4
5579 5
5619 5
5657 13
5757 5
5797 4
5833 2
5851 6
5900 5
5942 2
5962 5
6001 1
6013 3
6039 15
6146 10
6218 3
6243 5
6284 5
6324 5
6364 7
6419 3
6447 3
6474 8
6541 15
6661 4
6695 12
6785 5
6827 5
6868 6
6917 11
6999 6
7048 2
7070 10
7143 6
7184 72
7723 7
7780 8
7838 1
7851 4
7883 2
7902 2
7922 1
7936 2
7956 4
7991 6
8040 3