0 1
12 12
97 1
107 3
130 1
141 1
153 1
163 1
176 1
188 2
211 1
227 2
247 1
263 1
277 1
294 1
307 1
318 1
332 1
354 1
375 2
399 2
422 4
459 1
473 1
490 1
506 1
524 1
539 4
575 4
604 1
615 1
627 5
671 29
900 1
919 4
954 1
971 1
985 1
1006 2
1029 1
1047 1
1059 3
1092 7
1151 5
1186 5
1231 3
1261 2
1284 3
1308 1
1323 12
1424 2
1446 8
1520 15
1648 5
1697 2
1722 1
1733 2
1753 24
1929 1
1941 4
1977 1
1991 1
2009 2
2034 1
2046 1
2063 1
2078 1
2093 1
2109 4
2143 2
2167 2
2188 1
2204 1
2221 2
2246 7
2303 1
2317 1
2332 1
2348 1
2364 4
2400 2
2422 2
2446 8
2518 1
2530 13
2626 24
2807 1
2824 2
2848 1
2867 1
2885 7
2939 2
2959 7
3012 3
3042 1
3054 1
3073 2
3091 6
3141 1
3153 3
3183 1
3197 1
3210 3
3233 1
3247 13
3337 1
3354 1
3368 13
3469 6
3516 1
3533 1
3548 1
3562 2
3585 1
3603 6
3647 1
3664 2
3687 5
3723 2
3746 1
3762 2
3782 2
3804 1
3816 5
3860 1
3876 1
3893 1
3909 5
3948 1
3962 1
3980 1
3995 1
4007 2
4030 4
4069 1
4089 1
4102 1
4116 9
4184 2
4209 3
4240 1
4254 2
4275 1
4290 1
4303 1
4321 1
4336 1
4351 1
4364 1
4380 1
4395 2
4418 2
4437 1
4449 2
4472 5
4514 2
4532 4
4567 1
4582 2
4608 2
4631 2
4652 9
4723 1
4739 1
4752 4
4787 57
5210 1
5225 3
5256 1
5270 2
5297 20
5444 117
6346 6
6392 1
6408 1
6420 3
6451 1
6467 1
6483 1
6495 2
6516 2
6541 1
6558 1
6572 1
6588 2
6611 4
6647 5
6690 1
6709 1
6725 1
6744 3
6772 1
6790 1
6807 1
6823 23
6985 2
7006 1
7023 3
7051 1
7064 1
7077 13
7181 1
7196 1
7214 1
7229 4
7267 6
7314 1
7330 2
7354 1
7369 20
7513 1
7526 1
7540 1
7550 1
7567 3
7600 5
7639 1
7652 1
7667 1
7679 1
7698 3
7726 1
7743 2
7762 1
7783 1
7799 1
7822 1
7845 18
7984 1
8001 2
8024 1
8039 1
8056 1
8073 1
8093 1
8109 2
8130 1
8148 1
8163 1
8179 1
8192 1
8203 1
8214 1
8225 1
8240 1
8257 3
8287 1
8306 1
8324 2
8349 1
8368 11
8449 2
8469 4
8502 1
8519 1
8535 1
8551 2
8573 1
8589 1
8602 1
8617 1
8633 7
8688 1
8704 3
8734 1
8757 1
8773 1
8785 2
8808 1
8824 7
8886 1
8910 3
8945 1
8962 1
8976 1
8992 4
9032 3
9066 10
9150 1
9163 2
9185 1
9202 11
9286 1
9300 3
9334 2
9354 1
9372 1
9385 1
9407 7
9458 4
9498 2
9523 1
9540 1
9553 3
9579 1
9596 1
9614 14
9726 1
9739 2
9760 2
9783 24
9961 1
9975 1
9992 1
10007 2
10032 1
10048 53
10402 1
10418 3
10451 1
10469 34
10724 1
10736 2
10756 1
10774 1
10791 18
10922 5
10966 1
10980 1
10994 4
11033 1
11049 1
11063 1
11077 21
11230 1
11242 1
11259 4
11296 1
11314 1
11331 1
11347 1
11362 1
11377 2
11401 9
11478 1
11492 1
11510 2
11531 10
11607 1
11623 1
11641 1
11658 2
11678 1
11691 7
11744 2
11766 1
11783 10
11864 1
11880 1
11892 3
11922 2
11942 1
11961 1
11977 2
11999 1
12017 1
12032 3
12060 14
12175 9
12253 4
12292 2
12317 1
12333 7
12390 1
12409 2
12430 6
12489 1
12506 1
12520 2
12541 1
12555 1
12569 1
12585 2
12611 2
12627 1
12641 8
12703 1
12715 1
12728 50
13101 1
13117 1
13130 2
13158 1
13173 1
13185 4
13217 1
13233 11
13310 1
13325 1
13338 1
13352 1
13369 2
13392 1
13409 2
13432 1
13445 1
13463 1
13482 1
13498 2
13522 2
13545 1
13564 1
13584 1
13603 2
13630 1
13650 1
13664 1
13681 6
13736 1
13752 1
13766 2
13789 1
13806 2
13823 1
13836 1
13853 1
13868 2
13888 1
13902 1
13914 1
13927 2
13946 1
13958 8
14018 4
14049 2
14071 1
14088 1
14104 2
14126 1
14141 1
14157 2
14185 5
14226 3
14257 1
14273 1
14289 2
14310 1
14323 3
14348 1
14363 2
14383 1
14397 2
14423 1
14435 4
14477 1
14492 1
14505 2
14529 5
14570 2
14592 1
14611 1
14627 1
14642 1
14655 1
14670 4
14707 1
14718 1
14736 3
14767 1
14784 1
14802 1
14820 1
14833 1
14848 1
14860 1
14876 1
14890 1
14902 1
14918 2
14941 3
14968 3
14997 1
15013 1
15029 1
15044 1
15059 41
15358 28
15554 1
15569 1