0 1
12 1
25 1
38 1
52 1
64 3
90 1
107 1
121 2
141 1
154 1
167 1
181 1
196 1
209 2
229 1
246 18
381 2
401 1
412 1
425 4
463 1
479 4
516 7
562 1
576 1
590 1
606 4
642 1
657 1
673 2
702 1
719 1
735 3
761 1
776 4
811 1
826 1
845 3
875 1
893 11
983 2
1005 3
1032 9
1103 14
1207 2
1231 5
1270 6
1318 3
1345 5
1390 14
1503 8
1567 1
1582 1
1597 5
1641 2
1660 1
1676 1
1692 1
1705 1
1726 1
1743 1
1762 1
1777 8
1838 2
1868 1
1881 1
1897 2
1919 1
1934 1
1948 1
1968 1
1982 1
1999 1
2014 2
2037 1
2057 1
2075 4
2110 1
2126 10
2205 9
2278 1
2293 4
2325 1
2344 5
2391 2
2414 2
2440 2
2471 1
2489 25
2674 1
2694 3
2730 8
2793 1
2810 1
2827 1
2845 1
2861 1
2877 2
2904 18
3030 14
3131 1
3146 23
3303 7
3362 1
3381 1
3398 19
3545 1
3561 2
3578 1
3592 2
3613 5
3655 5
3697 3
3726 1
3740 7
3804 19
3949 2
3968 1
3986 2
4011 1
4025 1
4039 1
4053 1
4069 4
4103 9
4173 1
4189 21
4343 1
4354 2
4373 3
4402 9
4471 1
4484 1
4499 1
4516 1
4532 13
4631 2
4653 12
4747 2
4769 1
4782 2
4802 2
4824 2
4843 2
4871 1
4884 2
4903 1
4923 1
4940 3
4968 1
4984 1
5002 2
5027 6
5079 7
5137 1
5152 1
5163 4
5197 1
5212 1
5226 2
5248 1
5261 5
5306 4
5344 1
5361 1
5375 2
5394 9
5463 1
5480 28
5691 3
5717 1
5729 3
5757 1
5773 11
5855 1
5868 1
5881 1
5895 1
5909 1
5925 1
5938 2
5959 1
5973 1
5986 1
6003 5
6054 2
6073 7
6136 1
6149 3
6174 1
6189 2
6210 1
6222 4
6257 2
6281 1
6298 1
6312 1
6326 1
6341 1
6358 1
6374 5
6410 1
6425 1
6439 1
6457 1
6474 1
6494 1
6510 2
6531 1
6548 2
6570 1
6585 1
6602 1
6616 1
6634 1
6651 1
6671 1
6682 2
6705 1
6724 1
6743 1
6760 1
6775 1
6790 1
6803 1
6823 1
6838 1
6854 9
6917 2
6936 1
6956 1
6969 1
6984 1
7004 1
7018 1
7033 1
7047 1
7063 5
7105 1
7119 1
7136 9
7205 55
7616 1
7635 1
7651 1
7665 1
7683 1
7697 1
7710 1
7726 1
7739 1
7755 11
7840 2
7867 1
7880 1
7896 2
7917 1
7935 1
7952 1
7970 1
7984 4
8022 1
8037 1
8052 1
8066 1
8080 1
8091 1
8107 1
8124 1
8135 1
8152 1
8168 1
8180 1
8196 2
8224 1
8243 1
8253 5
8292 3
8318 1
8332 2
8351 3
8383 1
8399 2
8420 2
8441 1
8454 1
8475 4
8510 1
8526 1
8543 1
8558 1
8575 3
8600 5
8644 4
8681 2
8705 1
8723 65
9192 1
9207 1
9220 1
9233 1
9244 1
9257 1
9270 5
9312 4
9344 9
9417 1
9431 1
9447 1
9464 2
9486 1
9501 4
9535 6
9590 1
9608 2
9630 15
9740 2
9758 2
9781 2
9804 1
9818 4
9851 8
9916 2
9941 26
10130 1
10142 5
10183 1
10198 22
10354 1
10371 1
10384 1
10398 2
10418 2
10438 2
10461 3
10489 5
10530 4
10567 6
10620 2
10643 2
10666 3
10694 1
10712 1
10725 1
10747 1
10762 1
10777 1
10791 1
10805 1
10823 1
10835 1
10849 1
10865 1
10880 1
10896 1
10908 1
10923 1
10940 1
10954 1
10969 2
10990 3
11023 2
11045 1
11058 1
11075 12
11170 1
11184 1
11198 3
11227 1
11244 1
11265 2
11290 2
11314 1
11333 2
11357 1
11373 4
11406 1
11419 1
11442 1
11458 6
11504 7
11564 2
11584 1
11597 2
11621 1
11638 1
11650 1
11665 2
11691 1
11705 8
11769 1
11783 6
11831 1
11847 3
11875 1
11887 20
12029 1
12044 5
12088 14
12193 1
12208 2
12234 1
12253 1
12269 1
12283 2
12306 1
12323 54
12711 1
12725 1
12742 1
12758 1
12769 1
12783 3
12811 6
12856 1
12872 1
12887 2
12909 6
12956 2
12981 2
13003 1
13020 19
13172 1
13193 4
13229 1
13247 3
13272 1
13289 1
13304 14
13414 1
13427 1
13446 5
13489 2
13515 2
13536 5
13575 2
13596 1
13614 1
13630 1
13645 1
13660 1
13675 1
13690 7
13740 1
13755 1
13769 2
13789 1
13804 3
13831 1
13844 1
13861 1
13875 2
13901 2
13928 3