0 29
195 8
260 1
277 6
325 22
482 2
503 1
520 2
551 1
566 1
583 1
598 2
622 2
648 1
665 2
681 1
695 1
710 1
726 1
738 5
785 1
800 2
823 1
840 1
855 1
869 1
884 2
909 1
922 1
939 3
969 1
982 7
1043 5
1086 1
1105 1
1117 1
1128 9
1197 1
1215 1
1229 1
1244 2
1265 2
1284 1
1295 2
1318 1
1338 6
1391 1
1409 1
1423 2
1445 1
1467 1
1487 1
1505 5
1552 1
1572 1
1589 1
1601 1
1615 1
1631 1
1648 1
1663 1
1677 1
1695 2
1714 1
1729 2
1753 1
1767 1
1784 1
1802 2
1831 4
1872 1
1889 2
1913 5
1952 2
1974 7
2032 1
2048 4
2085 1
2100 2
2119 12
2215 1
2231 3
2260 1
2276 1
2291 1
2303 1
2318 2
2339 1
2356 1
2369 1
2388 2
2410 2
2435 2
2457 1
2474 2
2494 1
2510 1
2524 1
2540 1
2554 1
2567 1
2580 4
2617 1
2631 1
2643 1
2659 1
2674 1
2691 1
2702 1
2719 1
2733 1
2749 3
2781 1
2802 1
2816 9
2899 1
2917 159
4084 1
4096 1
4113 8
4181 5
4223 1
4240 1
4255 1
4268 1
4282 1
4299 14
4412 1
4429 12
4532 2
4553 1
4567 1
4582 2
4608 1
4626 2
4653 1
4671 2
4688 2
4706 3
4736 1
4750 5
4803 3
4841 1
4859 1
4874 1
4893 1
4909 14
5021 8
5091 2
5115 1
5129 1
5145 2
5170 11
5252 1
5273 2
5293 1
5311 12
5398 2
5424 1
5442 1
5459 5
5506 4
5540 1
5553 1
5568 1
5586 5
5633 3
5666 2
5686 1
5706 1
5721 1
5734 1
5749 2
5775 4
5813 4
5849 1
5862 2
5883 3
5910 1
5926 4
5967 1
5983 32
6209 1
6224 1
6239 3
6267 3
6294 2
6319 5
6357 2
6378 1
6394 5
6437 1
6452 9
6518 16
6645 1
6662 1
6680 3
6713 16
6830 1
6846 1
6865 1
6879 3
6911 1
6922 2
6941 6
6989 1
7004 3
7032 3
7060 3
7088 1
7104 4
7140 1
7155 1
7169 1
7184 1
7199 6
7252 32
7484 11
7579 1
7594 1
7609 1
7626 1
7643 4
7685 1
7702 1
7715 1
7737 1
7758 1
7774 1
7789 11
7872 1
7885 32
8111 3
8139 1
8156 13
8253 4
8290 5
8337 5
8377 2
8396 1
8412 1
8429 1
8446 2
8472 2
8498 1
8516 1
8530 1
8547 1
8562 2
8580 1
8596 2
8618 1
8637 1
8652 1
8666 1
8679 1
8695 5
8737 1
8751 4
8789 1
8803 2
8826 1
8844 1
8865 1
8878 1
8898 1
8914 5
8959 1
8976 9
9050 7
9115 2
9140 1
9156 2
9176 1
9192 1
9205 3
9237 1
9254 4
9290 4
9326 2
9351 4
9385 6
9429 1
9447 1
9460 2
9483 1
9502 1
9515 6
9567 1
9582 2
9603 4
9637 6
9688 2
9708 1
9727 2
9750 1
9766 3
9794 3
9821 9
9888 2
9913 1
9927 17
10062 17
10184 2
10205 3
10235 1
10253 1
10268 23
10438 8
10503 1
10518 1
10535 8
10601 1
10614 3
10641 1
10660 6
10710 4
10746 1
10762 12
10845 2
10867 1
10888 1
10902 1
10919 2
10944 3
10976 1
10991 2
11015 1
11030 1
11045 2
11068 5
11111 13
11207 1
11224 3
11254 2
11279 1
11297 1
11314 2
11338 1
11356 4
11396 5
11442 1
11460 2
11484 2
11513 2
11540 1
11563 2
11588 1
11611 1
11628 1
11643 11
11732 7
11790 1
11806 1
11819 1
11834 1
11847 1
11861 1
11875 1
11890 1
11908 1
11923 1
11938 2
11959 1
11971 2
11990 2
12013 1
12027 3
12057 1
12073 1
12089 3
12119 1
12135 1
12156 4
12193 1
12209 4
12244 2
12271 1
12289 1
12301 1
12314 2
12338 1
12354 1
12367 2
12383 1
12397 1
12412 7
12468 2
12492 1
12509 2
12532 5
12573 1
12588 1
12602 3
12630 12
12726 2
12750 2
12773 2
12796 3
12821 1
12838 1
12853 1
12867 1
12879 2
12901 1
12918 1
12932 1
12949 1
12962 1
12978 1
12992 1
13006 1
13024 2
13043 1
13055 1
13067 1
13082 2
13100 1
13113 1
13126 1
13143 1
13156 1
13169 1
13183 1
13203 1
13216 1
13228 4
13262 1
13278 2
13297 2
13316 5
13354 2
13376 1
13393 3
13422 1
13437 1
13451 1
13469 2
13493 1
13506 20
13664 1
13681 1
13701 28
13910 3
13939 1
13954 5
13993 8
14054 1
14072 2
14095 4
14128 1
14144 2
14171 2
14191 1
14209 1
14224 4
14261 1
14280 1
14296 1
14310 1
14324 2
14346 1
14364 27
14549 4
14582 4
14621 1
14637 1
14653 1
14665 42
14959 3
14986 1
15002 8
15066 13
15168 1
15180 2
15203 1
15217 1
15229 4
15266 1
15283 2
15305 3
15334 25
15516 6
15575 6
15626 3
15655 1
15668 1
15682 1
15699 1
15720 1
15735 1
15750 3
15778 2
15799 2
15818 4
15858 1
15873 4
15910 1
15925 4
15962 2
15993 2
16014 3
16042 1
16057 1
16071 1
16085 2
16108 1
16126 1
16141 2
16166 1
16178 1
16193 2
16212 1
16225 10
16306 1
16319 1
16331 1
16342 1
16355 1
16368 2
16387 1
16401 6
16447 1
16465 1
16482 1
16495 6
16543 2
16562 4
16599 1
16614 2
16635 1
16652 15
16767 2
16794 2
16815 3
16843 1
16859 2
16881 1
16896 1
16909 1
16925 3
16952 3
16981 36
17242 1
17255 5
17300 3
17332 3
17359 1
17376 1
17389 1
17404 1
17416 1