0 31
200 6
243 5
280 1
293 1
308 1
323 1
340 1
356 1
369 1
383 1
396 1
409 1
423 1
435 1
449 1
460 1
474 1
488 1
502 1
515 1
527 1
540 1
557 2
575 3
598 2
616 1
631 1
646 12
725 1
739 1
754 1
765 1
776 1
789 1
802 1
814 9
875 1
890 1
903 6
946 1
959 1
971 1
986 10
1050 1
1063 1
1083 9
1142 1
1154 1
1166 1
1177 1
1189 7
1237 1
1251 1
1263 1
1276 11
1351 1
1371 1
1382 1
1396 6
1438 11
1511 1
1525 1
1536 1
1548 1
1563 66
1982 21
2119 5
2155 1
2168 1
2181 1
2195 1
2212 1
2230 1
2242 1
2254 1
2267 1
2279 2
2298 1
2310 1
2326 1
2340 1
2354 1
2368 1
2383 1
2405 1
2416 1
2428 1
2443 1
2454 1
2468 1
2482 1
2496 1
2508 1
2522 1
2536 1
2547 1
2558 1
2574 21
2708 1
2723 1
2735 1
2753 1
2764 1
2783 1
2796 1
2811 1
2824 1
2839 1
2853 1
2866 1
2883 1
2896 3
2919 1
2932 1
2944 9
3007 2
3024 1
3039 1
3052 1
3064 1
3076 1
3092 1
3108 1
3120 1
3132 1
3145 1
3156 1
3168 1
3181 3
3204 2
3221 2
3242 1
3258 1
3274 1
3286 1
3303 1
3315 1
3329 1
3341 1
3352 1
3365 1
3378 1
3391 1
3404 15
3502 1
3517 1
3528 1
3540 1
3553 1
3566 1
3580 1
3595 1
3610 2
3628 1
3642 1
3656 1
3670 1
3681 1
3693 1
3704 8
3760 1
3771 1
3788 1
3800 1
3811 1
3823 1
3837 1
3850 1
3861 1
3872 1
3884 1
3895 1
3908 1
3919 1
3932 1
3945 7
3994 2
4011 1
4023 1
4040 1
4052 1
4064 1
4077 1
4089 1
4102 1
4116 1
4129 1
4141 1
4154 1
4167 1
4179 1
4191 1
4203 1
4215 10
4286 3
4312 1
4324 1
4336 1
4348 1
4364 1
4376 1
4388 1
4400 1
4414 1
4427 1
4439 1
4453 1
4465 1
4477 1
4489 1
4502 1
4514 1
4526 1
4538 1
4550 1
4562 1
4576 1
4588 1
4601 7
4651 1
4663 1
4676 1
4691 1
4703 1
4716 1
4727 1
4742 1
4757 1
4772 1
4784 1
4798 1
4810 1
4822 1
4839 1
4858 1
4870 1
4883 1
4895 1
4907 1
4919 1
4932 1
4945 2
4965 1
4978 10
5044 3
5068 1
5081 1
5093 2
5111 1
5125 1
5137 2
5155 1
5168 3
5192 1
5205 2
5223 2
5242 1
5255 4
5285 1
5300 1
5312 1
5325 1
5338 1
5350 1
5362 1
5374 1
5385 1
5398 3
5424 1
5436 1
5448 4
5478 2
5497 2
5515 1
5527 1
5540 3
5565 6
5608 4
5638 1
5650 1
5662 1
5675 1
5689 2
5707 2
5724 1
5739 1
5752 1
5765 1
5776 3
5802 2
5822 3
5848 1
5860 1
5872 2
5891 3
5917 1
5938 1
5950 3
5972 2
5990 3
6014 3
6038 1
6051 1
6062 2
6080 3
6104 1
6120 1
6133 2
6151 1
6163 1
6175 1
6188 2
6206 1
6219 1
6231 2
6251 1
6262 3
6287 2
6306 4
6336 1
6358 1
6380 10
6446 1
6469 52
6798 32
7007 1
7018 7
7068 1
7091 12
7170 1
7192 1
7214 1
7237 9
7299 1
7322 1
7345 1
7362 7
7410 1
7426 1
7448 1
7470 1
7487 6
7530 1
7553 1
7576 1
7597 1
7620 1
7642 1
7664 1
7687 1
7709 1
7731 1
7754 1
7776 1
7799 1
7821 1
7843 1
7858 9
7922 1
7945 1
7967 1
7989 1
8011 1
8033 1
8056 1
8077 1
8098 1
8121 1
8143 1
8164 1
8187 1
8209 1
8232 1
8255 1
8277 1
8299 1
8321 1
8343 21
8479 1
8501 1
8523 1
8546 1
8568 1
8591 1
8613 1
8636 1
8658 1
8680 1
8702 1
8725 1
8748 1
8770 1
8792 1
8814 1
8837 1
8860 1
8883 1
8906 1
8929 1
8951 1
8973 1
8995 1
9017 1
9040 1
9063 1
9086 1
9108 1
9130 1
9152 1
9174 1
9196 1
9218 20
9349 1
9372 1
9394 1
9416 1
9439 1
9461 1
9484 1
9507 1
9530 1
9551 1
9573 1
9596 1
9618 1
9641 1
9663 1
9685 1
9707 1
9729 1
9752 1
9774 1
9796 1
9818 1
9841 1
9863 1
9885 1
9907 1
9929 1
9951 1
9973 1
9995 1
10017 1
10039 1
10061 1
10084 1
10105 1
10127 1
10149 1
10171 1
10193 1
10216 1
10238 1
10260 1
10281 1
10302 1
10325 1
10347 1
10369 1
10391 1
10413 1
10435 19
10566 1
10589 1
10611 1
10633 1
10654 1
10677 1
10700 1
10722 1
10744 1
10767 1
10790 1
10812 1
10835 1
10858 1
10880 1
10902 1
10924 1
10946 1
10969 1
10991 1
11014 1
11037 1
11059 1
11081 1
11103 1
11125 1
11147 1
11170 1
11192 1
11214 1
11236 1
11258 1
11280 1
11300 1
11323 1
11345 1
11367 1
11389 1
11411 1
11433 1
11455 1
11477 1
11499 1
11522 1
11544 1
11566 1
11589 1
11611 1
11633 1
11655 1
11677 1
11700 1
11722 1
11743 1
11765 1
11788 1
11811 1
11834 20
11961 1
11984 1
12006 1
12029 1
12051 1
12074 1
12096 1
12119 1
12141 1
12163 1
12186 1
12208 1
12231 1
12253 1
12276 1
12298 1
12320 1
12342 1
12364 1
12386 1
12409 1
12432 1
12454 1
12477 1
12500 1
12523 1
12545 1
12567 1
12589 1
12610 1
12633 1
12655 1
12678 1
12700 1
12723 1
12744 1
12766 1
12789 1
12810 1
12832 1
12855 1
12877 1
12889 15
12988 1
13010 1
13033 1
13056 1
13078 1
13101 1
13124 1
13146 1
13168 1
13185 1
13207 1
13230 1
13253 1
13275 1
13297 1
13319 1
13342 1
13365 1
13387 1
13410 1
13433 1
13456 1
13479 1
13501 1
13523 1
13545 2
13573 1
13595 1
13617 1
13639 1
13662 1
13684 1
13706 1
13729 1
13751 1
13774 1
13796 1
13819 1
13841 6
13886 1
13909 1
13931 1
13954 1
13977 1
13999 1
14021 1
14044 1
14067 1
14090 1
14113 1
14135 1
14158 1
14181 1
14203 1
14225 1
14246 1
14269 1
14291 1
14314 1
14336 1
14358 1
14381 1
14404 1
14427 1
14450 1
14473 1
14490 1
14513 1
14536 1
14559 1
14582 1
14604 1
14626 1
14649 1
14672 1
14694 1
14717 1
14740 8
14797 1
14820 1
14843 1
14865 1
14888 1
14910 1
14932 1
14954 1
14977 1
15000 1
15023 1
15040 1
15062 1
15085 1
15107 1
15129 1
15151 1
15173 1
15196 1
15218 1
15240 1
15263 1
15285 1
15307 1
15329 1
15351 1
15373 1
15396 1
15418 1
15441 1
15463 1
15485 1
15508 1
15530 1
15552 1
15575 1
15598 7
15649 1
15671 1
15694 1
15716 1
15731 1
15753 1
15775 1
15798 1
15821 1
15844 1
15866 1
15888 1
15910 1
15932 1
15954 1
15977 1
15999 1
16021 1
16043 1
16065 1
16088 1
16110 1
16132 1
16154 1
16177 1
16199 1
16222 1
16244 1
16267 1
16289 1
16311 1
16333 1
16355 1