0 1
12 1
25 1
34 1
44 1
60 1
69 1
83 1
98 1
111 1
122 1
133 1
145 1
156 1
167 1
177 1
189 12
267 2
284 1
296 1
310 1
320 3
343 1
355 1
367 1
386 5
421 1
436 1
449 1
460 1
470 1
484 1
497 1
510 1
524 1
536 1
547 1
568 1
590 1
612 3
634 1
646 1
661 1
675 1
684 1
694 1
712 1
726 1
757 1
785 1
797 1
814 1
826 1
838 1
850 1
864 1
881 1
892 1
904 1
927 1
971 1
994 1
1007 1
1025 1
1041 1
1056 1
1071 1
1084 1
1095 1
1160 1
1175 1
1186 1
1196 1
1208 1
1246 1
1265 1
1279 1
1292 1
1304 1
1321 1
1336 1
1347 1
1364 1
1389 1
1409 1
1420 1
1434 1
1448 1
1463 3
1484 1
1497 1
1509 1
1528 1
1543 2
1563 1
1583 1
1597 1
1612 5
1647 1
1661 1
1685 1
1700 1
1712 1
1727 1
1745 2
1766 1
1782 3
1811 1
1824 1
1842 1
1855 2
1878 1
1892 1
1907 2
1928 1
1941 1
1960 34
2180 1
2191 2
2212 2
2235 1
2252 1
2264 2
2282 1
2298 2
2327 2
2348 5
2390 1
2404 1
2422 2
2441 1
2458 1
2478 1
2494 1
2524 1
2541 1
2556 2
2578 1
2600 1
2615 1
2634 1
2644 2
2664 1
2678 1
2694 1
2709 2
2729 5
2765 5
2802 1
2817 3
2842 1
2858 1
2868 5
2903 1
2920 1
2933 1
2948 2
2968 1
2981 1
2997 1
3080 1
3094 1
3107 1
3214 1
3227 1
3247 1
3265 1
3290 1
3303 1
3314 1
3326 5
3367 1
3385 1
3397 1
3411 1
3422 1
3433 3
3460 1
3476 2
3500 1
3514 2
3534 1
3549 1
3562 1
3583 1
3600 1
3612 1
3626 1
3638 1
3653 1
3675 1
3690 1
3706 1
3723 4
3752 1
3792 1
3803 4
3835 1
3849 1
3874 3
3901 2
3927 1
3953 2
3977 1
3989 1
4001 1
4013 1
4029 1
4049 8
4106 1
4128 5
4168 1
4180 1
4195 1
4221 1
4232 6
4275 9
4337 2
4357 1
4371 1
4385 2
4406 3
4436 1
4448 1
4467 1
4482 1
4493 1
4535 1
4548 1
4565 1
4580 1
4595 1
4614 1
4626 9
4689 1
4701 1
4717 3
4740 1
4758 1
4787 2
4804 7
4851 1
4870 2
4892 1
4907 1
4923 1
4937 1
4952 1
4967 2
4989 1
5002 1
5011 1
5023 1
5040 1
5056 3
5078 1
5092 1
5113 1
5128 2
5146 2
5165 1
5181 3
5207 1
5219 5
5257 1
5274 1
5285 1
5300 1
5316 1
5330 1
5347 1
5363 2
5382 1
5395 1
5407 1
5423 1
5438 1
5453 2
5469 1
5485 3
5515 1
5538 1
5563 2
5582 2
5600 5
5645 1
5659 1
5671 1
5685 1
5702 1
5717 1
5733 1
5757 1
5772 1
5785 2
5806 1
5830 1
5846 1
5860 1
5872 2
5894 1
5908 1
5921 1
5938 1
5952 1
5965 2
5988 1
6004 3
6028 2
6046 1
6060 1
6078 1
6091 1
6106 1
6120 1
6141 1
6154 1
6166 1
6182 1
6204 1
6219 1
6230 1
6256 1
6272 1
6285 1
6296 5
6338 29
6531 1
6553 1
6577 2
6612 1
6634 2
6663 1
6687 1
6708 1
6721 1
6731 1
6742 1
6755 1
6768 1
6785 1
6797 2
6820 1
6845 1
6877 2
6895 1
6916 1
6927 1
6938 1
6948 1
6970 1
6981 1
6996 1
7015 1
7029 10
7101 1
7115 1
7130 1
7141 1
7157 4
7190 1
7212 1
7238 1
7260 1
7274 1
7287 1
7304 1
7344 1
7358 1
7374 1
7402 1
7419 3
7446 1
7462 1
7476 1
7490 1
7505 2
7525 1
7539 1
7553 1
7569 1
7582 1
7596 1
7608 15
7704 1
7717 1
7736 1
7759 1
7776 1
7794 1
7810 2
7828 2
7854 1
7867 3
7893 1
7910 4
7943 1
7961 1
7974 1
7989 2
8009 1
8028 1
8040 1
8055 1
8068 1
8082 1
8097 1
8116 1
8131 1
8145 1
8165 5
8201 1
8220 1
8238 1
8253 1
8265 1
8289 1
8301 1
8314 1
8335 1
8347 1
8364 1
8377 1
8394 1
8406 1
8420 1
8437 1
8453 1
8468 1
8483 5
8520 1
8532 1
8548 3
8576 3
8606 1
8622 1
8637 1
8650 4
8683 1
8698 1
8713 2
8731 1
8746 6
8790 1
8810 1
8821 2
8841 2
8857 1
8872 1
8888 1
8909 1
8922 2
8940 1
8954 1
8973 1
8990 1
9009 1
9024 1
9041 1
9060 270
10772 1
10792 1
10812 1
10835 1
10850 1
10864 1
10883 1
10899 5
10936 1
10969 1
10982 1
10998 1
11011 1
11028 1
11041 1
11056 1
11074 1
11093 1
11108 1
11120 5
11161 1
11192 1
11210 2
11229 2
11252 1
11264 1
11282 1
11293 1
11309 7
11357 1
11371 1
11396 1
11414 1
11426 1
11441 1
11458 3
11484 2
11506 1
11519 1
11532 14
11629 1
11644 1
11663 1
11687 1
11716 1
11733 1
11746 1
11761 1
11775 4
11805 1
11823 1
11842 79
12354 1
12370 1
12393 1
12417 1
12442 1
12462 1
12481 1
12498 1
12515 1
12530 6
12577 1
12595 1
12609 2
12631 2
12649 1
12662 1
12675 1
12686 1
12702 1
12717 7
12766 2
12785 2
12803 1
12814 1
12826 45
13104 2
13124 1
13136 38
13385 1
13398 1
13413 2
13434 2
13454 3
13481 1
13496 2
13517 25
13680 1
13693 1
13707 1
13719 1
13734 1
13747 1
13764 1
13783 1
13799 1
13816 2
13835 1
13850 1
13863 1
13879 1
13892 1
13906 1
13925 1
13937 1
13951 1
13963 1
13981 1
13996 2
14017 1
14031 1
14047 1
14060 2
14083 1
14100 1
14126 1
14143 1
14165 6
14208 1
14226 2
14250 1
14262 2
14280 1
14296 1
14311 1
14327 1
14340 2
14361 2
14381 8
14442 1
14459 1
14473 24
14630 13
14720 1
14737 2
14760 1
14775 1
14791 1
14807 9
14871 1
14888 1
14899 1
14914 1
14930 1
14944 6
14993 5
15038 1
15052 1
15067 1
15080 1
15094 18
15215 1
15234 1
15254 1
15275 1
15297 1
15311 2
15333 2
15356 1
15372 1
15389 1
15403 1
15419 1
15431 1
15449 1
15467 6
15514 1
15524 1
15538 1
15550 1
15563 1
15579 1
15591 2
15609 1
15622 1
15639 1
15651 4
15683 1
15703 1
15714 1
15728 1
15748 1
15763 1
15776 1
15797 1
15809 1
15822 19
15948 1
15959 1
15975 1
15992 1
16008 1
16019 1
16035 1
16046 1
16058 1
16070 1
16079 1
16090 1
16106 1
16123 1
16136 1
16149 1
16166 1
16182 1
16195 1
16208 1
16226 4
16254 1
16266 2
16285 1
16297 1
16310 1
16326 1
16348 1
16361 1
16375 1
16389 1
16405 1
16422 1
16437 1
16454 2
16473 1
16488 1
16506 1
16523 3
16555 1
16572 1
16589 1
16604 2
16621 1
16636 1
16651 1
16664 1
16681 1
16704 1
16725 1
16747 1
16769 1
16784 1
16805 1
16819 1
16835 1
16856 1
16875 1
16891 1
16903 2
16921 1
16935 2
16952 1
16967 1
16980 1
16996 1
17012 1
17027 1
17049 1
17062 1
17082 1
17096 1
17109 2
17126 2
17148 1
17165 1
17177 1
17191 1
17207 1
17228 1
17241 1
17256 2
17277 1
17297 2
17325 1
17337 2
17359 1
17380 1
17398 1
17456 1
17478 2
17498 1
17515 1
17530 1
17552 1
17567 1
17593 1
17621 1
17635 1
17651 1
17671 2
17688 1
17705 1
17722 1
17738 3
17761 1
17778 2
17796 1
17810 1
17824 1
17837 1
17855 1
17867 1
17885 1
17899 1
17919 1
17935 6
17978 1
18000 1
18019 1
18034 1
18055 1
18074 1
18096 1
18120 1
18143 1
18157 1
18177 1
18190 1
18205 2
18226 1
18241 1
18254 1
18269 1
18286 1
18306 1
18322 1
18341 1
18353 1
18367 1
18386 1
18402 1
18422 1
18436 2
18457 1
18474 1
18492 1
18507 1
18526 3
18552 1
18568 1
18593 1
18612 1
18631 4
18667 1
18682 1
18703 1
18719 1
18734 1
18748 11
18821 16
18926 1
18945 1
18973 1
18996 1
19012 3
19039 1
19054 1
19072 1
19088 1