0 357
2262 5
2300 1
2315 1
2330 1
2342 19
2475 1
2500 1
2521 1
2536 1
2554 1
2566 1
2587 1
2598 1
2617 1
2628 1
2639 1
2654 1
2673 1
2689 1
2701 1
2712 2
2732 1
2744 1
2759 1
2773 1
2788 1
2803 1
2819 1
2833 1
2847 2
2870 1
2884 1
2898 1
2914 1
2929 1
2946 1
2961 12
3047 1
3059 5
3094 1
3119 4
3152 1
3185 1
3198 1
3213 24
3365 1
3378 1
3394 1
3411 1
3427 2
3445 2
3472 1
3491 1
3502 1
3513 1
3525 2
3542 1
3556 1
3569 1
3584 1
3601 3
3627 1
3642 52
3977 1
3994 1
4008 1
4026 1
4041 1
4058 1
4072 1
4084 1
4096 4
4128 1
4144 1
4156 1
4171 1
4185 2
4204 1
4217 1
4237 1
4250 1
4265 1
4276 1
4296 1
4314 1
4328 1
4341 1
4356 1
4372 1
4390 14
4486 1
4505 1
4519 1
4535 1
4548 1
4564 1
4582 1
4597 4
4629 9
4692 1
4707 1
4725 1
4743 9
4801 1
4814 1
4830 1
4846 2
4872 2
4892 3
4921 2
4941 1
4957 1
4975 1
4987 2
5007 1
5022 1
5038 5
5076 1
5095 1
5107 1
5123 1
5138 1
5156 1
5171 1
5187 1
5203 3
5230 1
5246 1
5264 2
5283 10
5352 1
5362 1
5376 1
5392 40
5653 1
5665 1
5683 1
5697 2
5717 1
5730 1
5742 1
5755 1
5770 1
5783 1
5796 1
5808 1
5821 1
5835 1
5856 1
5872 1
5883 1
5897 1
5909 1
5925 1
5942 1
5962 1
5978 1
6006 1
6020 1
6032 9
6096 1
6119 1
6132 1
6144 1
6156 1
6169 1
6197 5
6237 1
6262 1
6287 8
6345 6
6397 1
6411 1
6428 1
6442 1
6456 1
6471 1
6485 1
6501 1
6516 1
6532 11
6610 1
6626 1
6643 1
6659 1
6676 4
6709 1
6727 1
6742 1
6759 2
6775 1
6786 1
6800 1
6812 2
6827 1
6840 1
6853 4
6881 1
6894 1
6913 2
6939 1
6957 1
6971 1
6988 1
7008 5
7051 1
7071 1
7093 1
7115 1
7129 21
7272 1
7286 1
7301 1
7319 1
7337 2
7364 6
7413 1
7432 1
7450 1
7473 68
7911 1
7925 1
7940 2
7966 1
7982 2
8006 2
8025 1
8040 4
8073 1
8093 1
8110 1
8131 1
8142 1
8158 3
8183 1
8202 1
8218 1
8234 1
8249 15
8351 2
8369 2
8386 1
8405 1
8421 2
8441 1
8453 1
8468 1
8480 1
8492 1
8504 1
8518 1
8531 1
8544 1
8559 1
8571 1
8589 8
8642 4
8676 1
8690 4
8720 1
8733 3
8760 2
8784 1
8806 1
8819 1
8837 1
8851 1
8864 1
8887 1
8906 2
8927 1
8949 1
8962 1
8979 1
8993 1
9009 5
9046 1
9061 1
9077 5
9115 1
9131 1
9153 1
9169 3
9196 1
9208 1
9234 1
9246 1
9261 1
9274 1
9285 1
9301 1
9343 1
9358 1
9371 1
9384 3
9412 1
9424 1
9436 4
9469 6
9515 2
9534 2
9554 1
9569 4
9603 1
9622 1
9637 2
9656 1
9668 1
9681 8
9738 1
9761 2
9781 1
9800 9
9861 1
9885 1
9910 1
9924 1
9941 1
9954 2
9974 1
9988 1
10004 2
10027 1
10040 1
10057 2
10074 2
10091 1
10104 1
10118 1
10132 2
10152 1
10167 5
10204 12
10281 1
10297 3
10327 1
10345 1
10356 1
10369 3
10397 1
10433 7
10482 1
10496 1
10512 1
10527 1
10543 4
10579 2
10601 1
10618 1
10632 1
10646 6
10689 1
10707 7
10755 1
10776 1
10787 1
10802 2
10823 2
10841 1
10855 1
10871 1
10888 1
10905 1
10924 1
10939 1
10952 1
10967 2
10987 1
11002 1
11015 1
11032 1
11048 1
11064 1
11082 10
11154 2
11175 7
11226 1
11246 2
11270 13
11356 1
11374 1
11389 1
11411 1
11424 1
11440 1
11452 3
11479 1
11494 1
11509 3
11534 1
11547 1
11562 3
11587 1
11606 2
11626 1
11638 1
11659 3
11688 1
11714 1
11730 3
11758 1
11780 5
11818 1
11834 1
11853 2
11875 1
11889 1
11905 1
11920 3
11946 1
11961 2
11982 1
12000 3
12025 1
12045 2
12068 1
12084 1
12100 1
12116 1
12132 1
12149 1
12166 1
12183 1
12199 4
12232 3
12260 1
12277 1
12292 1
12304 3
12333 12
12418 1
12430 8
12492 4
12529 28
12712 3
12739 21
12874 14
12972 1
12989 1
13004 33
13223 1
13243 1
13264 4
13296 2
13315 1
13330 1
13349 1
13375 1
13391 1
13405 1
13426 1
13442 1
13461 3
13489 1
13502 1
13518 2
13539 1
13557 1
13575 7
13627 2
13648 1
13661 1
13675 1
13686 1
13703 1
13718 1
13734 1
13749 1
13761 1
13773 1
13787 1
13808 1
13826 8
13879 1
13893 1
13907 1
13919 1
13930 1
13941 7
13989 32
14194 1
14213 1
14234 1
14249 7
14301 1
14315 1
14330 2
14347 1
14362 1
14374 2
14391 1
14403 1
14417 1
14427 1
14442 2
14463 13
14549 1
14566 1
14587 1
14597 1
14612 1
14626 3
14653 2
14674 3
14702 1
14713 1
14727 1
14746 2
14765 1
14781 2
14801 2
14823 1
14837 1
14854 1
14867 1
14881 1
14897 1
14911 1
14924 1
14942 1
14959 1
14972 1
14984 1
14996 4
15024 1
15035 1
15048 1
15067 1
15077 1
15089 1
15105 1
15118 1
15132 3
15158 1
15170 1
15185 1
15198 25
15360 1
15374 1
15388 4
15421 1
15440 1
15453 1
15470 1
15482 1
15503 1
15515 1
15530 1
15543 1
15559 1
15570 2
15588 1
15602 1
15617 1
15633 2
15651 1
15663 3
15688 3
15712 1
15738 1
15749 1
15767 1
15780 1
15791 1
15802 1
15814 1
15825 1
15841 1
15852 2
15870 1
15885 1
15901 5
15937 2
15959 1
15974 1
15990 1
16010 2
16028 2
16051 1
16070 1
16086 1
16101 1
16116 2
16136 1
16150 1
16167 2
16189 1
16204 1
16216 1
16230 2
16251 4
16284 1
16298 1
16312 1
16327 1
16340 1
16354 2
16376 1
16394 1
16411 1
16426 5
16470 20
16604 1
16624 1
16638 2
16660 1
16676 3
16699 1
16712 2
16731 5
16767 24
16918 1
16934 1
16947 1
16961 1
16978 1
16991 1
17004 1
17018 4
17053 1
17071 15
17172 4
17207 1
17222 1
17239 1
17255 1
17270 4
17301 3
17331 1
17348 1
17362 1
17377 15
17477 1
17498 1
17510 1
17524 6
17570 1
17583 2
17602 2
17626 2
17645 1
17670 1
17684 1
17699 1
17717 1
17732 1
17745 2
17764 1
17781 3
17809 1
17822 1
17837 1
17853 1
17868 27
18044 3
18072 2
18097 1
18113 1
18130 4
18162 1
18179 1
18193 4
18225 1
18238 2
18254 1
18268 24
18432 1
18456 1
18471 2
18490 2
18511 1
18527 1
18542 1
18554 1
18568 38
18820 6
18868 1
18882 1
18899 9
18964 1
18976 3
19002 1
19026 1
19063 7
19115 1
19132 2
19153 1
19167 2
19184 1
19199 1
19213 1
19227 24
19382 1
19399 1
19412 1
19427 2
19446 1
19462 1
19480 1
19500 1
19514 1
19526 1
19539 1
19563 1
19576 1
19586 1
19598 1
19610 5
19651 1
19668 1
19681 1
19693 4
19723 1
19741 1
19755 1
19769 1
19782 1
19793 1
19805 1
19820 2
19840 1
19858 1
19873 4
19904 1
19920 1
19942 1
19957 1
19968 1
19983 1
19995 1
20005 1
20024 1
20034 2
20053 1
20069 12
20148 1
20164 1
20179 1
20193 1
20207 2
20227 2
20252 1
20273 2
20292 2
20312 1
20332 4
20366 1
20399 1
20422 1
20437 1
20449 4
20480 2
20499 2
20521 1