0 1
12 1
26 2
43 2
61 1
74 1
86 1
100 1
114 5
151 8
207 1
222 1
237 1
251 2
273 1
290 1
304 1
323 1
339 1
354 1
369 1
386 1
402 1
415 1
429 1
445 1
456 21
591 1
603 8
657 2
676 1
686 1
704 1
717 1
733 2
750 1
762 1
775 1
788 1
802 1
813 1
824 1
836 1
848 1
860 1
873 1
889 1
902 1
916 1
933 1
945 1
957 1
972 1
992 1
1006 1
1018 3
1047 1
1060 1
1075 1
1088 1
1102 1
1115 1
1128 1
1136 1
1147 1
1158 1
1172 1
1189 1
1203 1
1218 1
1232 1
1243 1
1259 1
1274 17
1390 1
1402 1
1416 7
1465 1
1479 1
1491 7
1540 1
1555 1
1566 1
1577 1
1591 1
1606 1
1619 1
1633 1
1646 1
1658 1
1672 1
1685 1
1700 1
1714 1
1727 3
1751 1
1768 2
1787 7
1838 1
1855 1
1867 1
1881 1
1897 1
1916 1
1933 1
1945 1