0 8
59 1
73 1
85 2
105 2
124 1
141 1
154 3
182 5
220 1
235 2
257 1
269 1
285 2
311 1
325 3
349 1
365 1
378 2
397 1
413 1
426 1
440 1
453 1
467 1
482 1
500 1
517 8
575 14
671 1
684 3
709 1
725 1
738 1
753 3
777 1
789 1
802 1
816 1
827 1
841 1
851 1
863 1
878 1
892 1
904 8
961 4
996 1
1009 1
1021 1
1033 1
1047 1
1064 1
1079 1
1093 1
1109 1
1123 1
1138 1
1152 7
1202 1
1215 1
1227 1
1240 2
1259 1
1273 1
1288 1
1301 1
1317 1
1334 1
1344 1
1356 2
1377 1
1389 1
1403 1
1416 1
1429 1
1441 11
1518 1
1531 1
1545 1
1561 1
1573 1
1590 1
1602 1
1614 4
1647 2
1666 2
1684 2