0
21
43
57
69
87
110
125
130
151
173
184
201
228
252
263
284
297
310
332
344
363
388
408
427
444
479
492
517
535
557
570
583
622
635
649
656
676
713
748
767
805
826
850
864
880
904
912
935
957
970
981
991
1018
1049
1065
1093
1110
1132
1146
1165
1185
1231
1246
1263
1296
1322
1341
1356
1378
1391
1421
1435
1447
1461
1478
1491
1505
1524
1554
1569
1632
1654
1676
1686
1697
1716
1727
1741
1753
1772
1788
1813
1836
1856
1885
1895
1912
1962
1980
1989
2029
2045
2062
2085
2098
2127
2146
2159
2182
2198
2215
2232
2243
2260
2284
2300
2315
2344
2359
2374
2385
2400
2423
2433
2453
2467
2503
2522
2539
2552
2567
2585
2597
2611
2622
2662
2677
2701
2727
2748
2765
2801
2825
2844
2874
2893
2919
2933
2945
2953
2968
2986
3000
3024
3037
3053
3072
3100
3117
3132
3159
3177
3192
3204
3218
3243
3260
3282
3312
3328
3352
3383
3404
3416
3440
3453
3472
3490
3509
3525
3545
3564
3581
3601
3620
3636
3660
3674
3690
3718
3737
3750
3763
3787
3798
3826
3839
3864
3877
3895
3925
3955
3975
3991
4009
4050
4063
4079
4105
4125
4143
4165
4180
4194
4225
4237
4258
4274
4299
4308
4326
4347
4357
4386
4397
4408
4420
4438
4460
4484
4507
4533
4571
4583
4613
4622
4643
4665
4707
4724
4738
4754
4768
4785
4795
4815
4836
4856
4865
4879
4894
4907
4929
4960
4977
4994
5045
5061
5071
5098
5112
5130
5152
5168
5188
5198
5207
5218
5232
5245
5265
5281
5306
5325
5338
5353
5372
5390
5415
5450
5467
5486
5512
5527
5546
5560
5574
5605
5617
5644
5661
5669
5690
5700
5714
5725
5748
5765
5786
5799
5824
5833
5841
5850
5875
5891
5909
5935
5986
6010
6047
6075
6089
6108
6119
6136
6150
6160
6181
6200
6211
6224
6239
6248
6265
6282
6300
6319
6329
6338
6372
6386
6400
6413
6425
6444
6462
6475
6485
6503
6519
6534
6559
6575
6591
6617
6631
6669
6700
6735
6771
6806
6842
6868
6884
6895
6910
6926
6958
6968
6984
7001
7016
7029
7049
7061
7072
7082
7094
7106
7133
7146
7157
7184
7201
7228
7249
7282
7304
7334
7367
7398
7433
7469
7502
7529
7563
7596
7630
7662
7700
7726
7760
7785
7813
7846
7867
7901
7926
7959
7978
8008
8026
8047
8080
8102
8134
8150
8178
8218
8261
8300
8338
8378
8421
8469
8493
8519
8548
8573
8597
8632
8658
8683
8717
8748
8773
8805
8834
8870
8903
8933
8957
8980
9002
9035
9059
9086
9118
9163
9218
9264
9307
9357
9407
9451
9507
9551
9598
9640
9693
9737
9792
9816
9838
9871
9903
9929
9954
9978
10013
10039
10066
10096
10129
10158
10186
10225
10255
10285
10323
10343
10361
10386
10411
10439
10463
10486
10516
10541
10578
10611
10624
10637
10644
10670
10684
10706
10716
10730
10741
10757
10765
10780
10797
10812
10830
10872
10883
10894
10914
10931
10949
10968
10988
11004
11022
11042
11056
11093
11106
11118
11135
11150
11162
11179
11189
11201
11212
11226
11238
11253
11264
11276
11292
11315
11329
11343
11363
11371
11388
11418
11431
11456
11465
11490
11508
11528
11536
11553
11562
11573
11590
11607
11636
11653
11676
11700
11711
11726
11744
11775
11803
11864
11881
11900
11923
11941
11967
11983
12004
12021
12049
12063
12079
12104
12112
12123
12137
12154
12170
12187
12202
12214
12226
12240
12260
12279
12297
12317
12327
12343
12356
12379
12412
12457
12510
12561
12601
12641
12677
12713
12735
12757
12780
12797
12815
12835
12858
12879
12901
12927
12945
12969
13004
13024
13052
13068
13080
13095
13114
13144
13153
13173
13185
13199
13212
13229
13251
13265
13285
13308
13329
13342
13362
13379
13393
13405
13437
13455
13467
13494
13507
13515
13549
13565
13587
13607
13621
13633
13648
13689
13708
13721
13735
13751
13770
13792
13814
13831
13840
13856
13885
13910
13930
13939
13949
13971
13994
14011
14035
14047
14063
14072
14093
14116
14137
14147
14178
14189
14199
14220
14229
14253
14265
14288
14307
14336
14346
14361
14380
14424
14432
14441
14456
14479
14503
14523
14532
14547
14559
14577
14591
14601
14616
14631
14647
14671
14681
14699
14723
14740
14768
14786
14832
14853
14861
14897
14935
14949
14964
14989
15000
15021
15034
15052
15061
15075
15107
15147
15164
15191
15206
15224
15240
15264
15279
15297
15310
15319
15330
15350
15371
15383
15394
15412
15429
15473
15546
15610
15682
15784
15862
15934
15988
16054
16109
16117
16126
16149
16193
16207
16232
16253
16271
16297
16306
16327
16342
16383
16405
16423
16434
16446
16464
16478
16495
16505
16523
16543
16554
16573
16584
16611
16629
16646
16662
16678
16692
16708
16719
16738
16750
16768
16787
16809
16820
16845
16867
16885
16897
16912
16930
16944
16965
16984
17003
17022
17055
17089
17098
17119
17138
17158
17175
17194
17230
17241
17260
17280
17300
17317
17331
17346
17357
17371
17381
17399
17416
17427
17451
17465
17481
17500
17539
17553
17581
17605
17622
17644
17665
17687
17707
17728
17743
17765
17790
17806
17837
17867
17880
17894
17908
17929
17956
17984
17996
18006
18023
18047
18059
18073
18086
18104
18122
18134
18158
18181
18197
18215
18230
18239
18251
18266
18285
18302
18321
18332
18355
18369
18388
18410
18424
18437
18449
18465
18484
18498
18510
18533
18547
18564
18587
18608
18629
18648
18665
18681
18696
18707
18726
18746
18754
18770
18790
18809
18829
18852
18871
18888
18907
18943
18960
18976
18988
19009
19034
19054
19082
19104
19121
19132
19164
19175
19184
19199
19214
19229
19242
19264
19280
19292
19328
19362
19371
19397
19413
19455
19477
19493
19520
19556
19573
19584
19604
19624
19643
19657
19667
19685
19702
19719
19737
19757
19775
19793
19811
19830
19850
19872
19894
19915
19942
19968
19980
19995
20013
20036
20058
20082
20105
20119
20128
20157
20186
20207
20226
20251
20258
20277
20300
20320
20333
20358
20367
20378
20390
20413
20438
20450
20464
20473
20489
20507
20530
20549
20570
20581
20593
20614
20640
20652
20683
20712
20724
20735
20753
20771
20792
20818
20829
20846
20862
20885
20901
20923
20934
20954
20965
20988
21010
21020
21045
21055
21078
21092
21104
21115
21141
21154
21170
21188
21215
21238
21254
21276
21286
21301
21338
21365
21387
21403
21417
21429
21441
21463
21486
21511
21526
21537
21549
21569
21591
21611
21635
21656
21674
21698
21737
21753
21771
21787
21805
21832
21856
21870
21881
21901
21926
21937
21953
21978
21994
22010
22037
22053
22078
22104
22128
22147
22166
22220
22235
22256
22271
22282
22313
22327
22348
22369
22380
22399
22415
22431
22447
22462
22471
22502
22517
22542
22555
22565
22582
22603
22621
22641
22657
22678
22704
22723
22743
22763
22777
22789
22809
22828
22850
22867
22879
22895
22922
22944
22963
22974
22989
23009
23031
23047
23075
23112
23129
23150
23167
23188
23210
23227
23263
23277
23303
23324
23344
23368
23392
23412
23431
23451
23473
23497
23525
23564
23596
23616
23666
23676
23689
23711
23729
23751
23765
23782
23796
23812
23826
23840
23867
23880
23894
23926
23945
23957
23970
23986
24007
24016
24041
24064
24086
24112
24134
24152
24172
24188
24221
24242
24268
24286
24307
24331
24342
24372
24401
24417
24437
24452
24462
24473
24487
24511
24523
24545
24570
24585
24610
24643
24668
24693
24717
24734
24747
24758
24786
24799
24815
24831
24852
24867
24881
24898
24907
24924
24964
24987
25014
25038
25053
25079
25094
25107
25129
25149
25162
25174
25191
25217
25232
25244
25265
25285
25297
25316
25326
25341
25357
25374
25406
25434
25457
25476
25490
25516
25530
25543
25555
25573
25584
25597
25623
25641
25656
25672
25685
25700
25717
25738
25750
25765
25789
25805
25816
25827
25846
25855
25869
25888
25903
25927
25943
25969
25982
26002
26017
26036
26052
26068
26092
26112
26147
26177
26196
26205
26228
26241
26263
26280
26293
26315
26334
26357
26370
26387
26403
26428
26455
26478
26490
26499
26508
26543
26555
26583
26607
26629
26648
26674
26690
26700
26723
26737
26760
26788
26815
26839
26853
26880
26904
26927
26953
26976
26992
27022
27039
27053
27066
27099
27119
27144
27168
27190
27205
27227
27240
27265
27285
27302
27321
27350
27364
27383
27401
27423
27443
27469
27492
27508
27525
27551
27570
27613
27647
27659
27687
27708
27721
27734
27753
27771
27788
27812
27825
27850
27865
27887
27904
27921
27937
27953
27969
27985
28001
28017
28028
28046
28062
28078
28094
28110
28123
28139
28155
28171
28187
28203
28219
28235
28251
28267
28283
28299
28315
28330
28343
28359
28377
28396
28406
28418
28434
28456
28485
28517
28536
28556
28580
28594
28613
28633
28655
28675
28706
28722
28736
28752
28766
28787
28820
28831
28852
28888
28905
28920
28941
28957
28989
29011
29035
29048
29064
29086
29100
29119
29151
29165
29184
29198
29213
29229
29247
29262
29282
29298
29311
29331
29356
29384
29408
29431
29465
29495
29519
29555
29574
29602
29618
29640
29656
29674
29689
29701
29721
29750
29771
29786
29800
29818
29828
29845
29865
29885
29898
29919
29939
29958
29969
29984
30000
30024
30038
30050
30069
30095
30117
30157
30175
30191
30206
30245
30267
30287
30305
30327
30346
30361
30387
30412
30427
30449
30467
30481
30502
30532
30548
30566
30586
30614
30638
30662
30685
30697
30724
30741
30761
30788
30814
30831
30845
30877
30903
30938
30974
30991
31024
31051
31078